versionTrama,idRegistro,idOperador,idVehiculo,idRuta,idConductor,fechaHoraLecturaDato,fechaHoraEnvioDato,tipoBus,latitud,longitud,tipoTrama,tecnologiaMotor,tramaRetransmitida,tipoFreno,codigoEvento,peso,temperaturaCabina,estimacionOcupacionSuben,estimacionOcupacionBajan,estimacionOcupacionAbordo
E.1.0.0,380443,PB,Z374104,EM,No Disponible,2024-04-19 01:59:48.146,2024-04-19 01:59:48.496,T,4.593056,-74.181886,2,3,False,2,EV1,-1,19.0,-1,-1,-1
E.1.0.0,380666,PB,Z374104,EM,No Disponible,2024-04-19 02:54:31.226,2024-04-19 02:54:31.456,T,4.593056,-74.181886,2,3,False,2,EV1,-1,19.0,-1,-1,-1
E.1.0.0,380677,PB,Z374104,RET,No Disponible,2024-04-19 03:11:35.176,2024-04-19 03:11:35.516,T,4.592994,-74.181917,2,3,False,2,EV1,-1,19.0,-1,-1,-1
E.1.0.0,380915,PB,Z374104,L636,No Disponible,2024-04-19 04:02:18.476,2024-04-19 04:02:18.516,T,4.567286,-74.115811,2,3,False,2,EV1,-1,23.0,1,0,1
E.1.0.0,380923,PB,Z374104,L636,No Disponible,2024-04-19 04:03:15.366,2024-04-19 04:03:15.976,T,4.566506,-74.113633,2,3,False,2,EV1,-1,24.0,1,0,2
E.1.0.0,380963,PB,Z374104,L636,No Disponible,2024-04-19 04:11:37.266,2024-04-19 04:11:37.516,T,4.571719,-74.098142,2,3,False,2,EV1,-1,24.0,0,1,1
E.1.0.0,380972,PB,Z374104,L636,No Disponible,2024-04-19 04:12:52.266,2024-04-19 04:12:52.746,T,4.575294,-74.094875,2,3,False,2,EV1,-1,24.0,0,1,0
E.1.0.0,381030,PB,Z374104,H636,No Disponible,2024-04-19 04:23:45.266,2024-04-19 04:23:45.366,T,4.562922,-74.083694,2,3,False,2,EV1,-1,25.0,4,0,4
E.1.0.0,381040,PB,Z374104,H636,No Disponible,2024-04-19 04:25:06.666,2024-04-19 04:25:07.166,T,4.564511,-74.083883,2,3,False,2,EV1,-1,25.0,2,0,6
E.1.0.0,381048,PB,Z374104,H636,No Disponible,2024-04-19 04:26:08.436,2024-04-19 04:26:08.506,T,4.566356,-74.083336,2,3,False,2,EV1,-1,25.0,2,0,8
E.1.0.0,381066,PB,Z374104,H636,No Disponible,2024-04-19 04:29:39.606,2024-04-19 04:29:39.906,T,4.570128,-74.087722,2,3,False,2,EV1,-1,25.0,0,1,7
E.1.0.0,381080,PB,Z374104,H636,No Disponible,2024-04-19 04:31:55.486,2024-04-19 04:31:55.806,T,4.574317,-74.092914,2,3,False,2,EV1,-1,24.0,0,0,7
E.1.0.0,381088,PB,Z374104,H636,No Disponible,2024-04-19 04:32:40.376,2024-04-19 04:32:40.752,T,4.575178,-74.093808,2,3,False,2,EV1,-1,24.0,0,2,5
E.1.0.0,381130,PB,Z374104,H636,No Disponible,2024-04-19 04:40:40.486,2024-04-19 04:40:41.396,T,4.565222,-74.104186,2,3,False,2,EV1,-1,22.0,1,0,6
E.1.0.0,381141,PB,Z374104,H636,No Disponible,2024-04-19 04:42:27.506,2024-04-19 04:42:27.806,T,4.564344,-74.108019,2,3,False,2,EV1,-1,22.0,1,0,7
E.1.0.0,381153,PB,Z374104,H636,No Disponible,2024-04-19 04:44:05.566,2024-04-19 04:44:05.736,T,4.563747,-74.109167,2,3,False,2,EV1,-1,22.0,1,0,8
E.1.0.0,381162,PB,Z374104,H636,No Disponible,2024-04-19 04:45:08.146,2024-04-19 04:45:08.406,T,4.564292,-74.111183,2,3,False,2,EV1,-1,22.0,1,0,9
E.1.0.0,381175,PB,Z374104,H636,No Disponible,2024-04-19 04:47:17.736,2024-04-19 04:47:18.056,T,4.566567,-74.113667,2,3,False,2,EV1,-1,22.0,10,0,19
E.1.0.0,381183,PB,Z374104,H636,No Disponible,2024-04-19 04:48:22.006,2024-04-19 04:48:22.176,T,4.568197,-74.116033,2,3,False,2,EV1,-1,22.0,3,0,22
E.1.0.0,381188,PB,Z374104,H636,No Disponible,2024-04-19 04:48:56.136,2024-04-19 04:48:56.656,T,4.569319,-74.117458,2,3,False,2,EV1,-1,22.0,1,0,23
E.1.0.0,381195,PB,Z374104,H636,No Disponible,2024-04-19 04:49:56.786,2024-04-19 04:49:57.156,T,4.570514,-74.119036,2,3,False,2,EV1,-1,22.0,6,0,29
E.1.0.0,381208,PB,Z374104,H636,No Disponible,2024-04-19 04:51:49.776,2024-04-19 04:51:49.886,T,4.571158,-74.123453,2,3,False,2,EV1,-1,22.0,1,15,15
E.1.0.0,381235,PB,Z374104,H636,No Disponible,2024-04-19 04:56:34.686,2024-04-19 04:56:35.736,T,4.577336,-74.129014,2,3,False,2,EV1,-1,22.0,0,2,13
E.1.0.0,381285,PB,Z374104,H636,No Disponible,2024-04-19 05:06:06.386,2024-04-19 05:06:06.556,T,4.593086,-74.126650,2,3,False,2,EV1,-1,22.0,0,1,12
E.1.0.0,381325,PB,Z374104,H636,No Disponible,2024-04-19 05:13:54.636,2024-04-19 05:13:54.986,T,4.591678,-74.138469,2,3,False,2,EV1,-1,21.0,0,1,11
E.1.0.0,381441,PB,Z374104,L636,No Disponible,2024-04-19 05:37:50.636,2024-04-19 05:37:50.716,T,4.588164,-74.148167,2,3,False,2,EV1,-1,22.0,1,0,12
E.1.0.0,381455,PB,Z374104,L636,No Disponible,2024-04-19 05:40:01.086,2024-04-19 05:40:01.446,T,4.585114,-74.149639,2,3,False,2,EV1,-1,22.0,1,0,13
E.1.0.0,381461,PB,Z374104,L636,No Disponible,2024-04-19 05:40:53.226,2024-04-19 05:40:53.426,T,4.584864,-74.148303,2,3,False,2,EV1,-1,21.0,1,0,14
E.1.0.0,381472,PB,Z374104,L636,No Disponible,2024-04-19 05:42:37.396,2024-04-19 05:42:37.455,T,4.588436,-74.148247,2,3,False,2,EV1,-1,21.0,3,0,17
E.1.0.0,381502,PB,Z374104,L636,No Disponible,2024-04-19 05:48:09.986,2024-04-19 05:48:10.076,T,4.588561,-74.143611,2,3,False,2,EV1,-1,21.0,1,0,18
E.1.0.0,381521,PB,Z374104,L636,No Disponible,2024-04-19 05:51:56.456,2024-04-19 05:51:56.886,T,4.591211,-74.138467,2,3,False,2,EV1,-1,22.0,0,1,17
E.1.0.0,381549,PB,Z374104,L636,No Disponible,2024-04-19 05:57:22.426,2024-04-19 05:57:22.526,T,4.594083,-74.134425,2,3,False,2,EV1,-1,22.0,0,1,16
E.1.0.0,381560,PB,Z374104,L636,No Disponible,2024-04-19 05:59:16.216,2024-04-19 05:59:16.446,T,4.592592,-74.128158,2,3,False,2,EV1,-1,22.0,2,5,13
E.1.0.0,381581,PB,Z374104,L636,No Disponible,2024-04-19 06:03:18.919,2024-04-19 06:03:19.529,T,4.584664,-74.127758,2,3,False,2,EV1,-1,22.0,1,1,13
E.1.0.0,381628,PB,Z374104,L636,No Disponible,2024-04-19 06:12:43.126,2024-04-19 06:12:43.336,T,4.569378,-74.123669,2,3,False,2,EV1,-1,22.0,3,0,16
E.1.0.0,381639,PB,Z374104,L636,No Disponible,2024-04-19 06:14:21.366,2024-04-19 06:14:21.426,T,4.567894,-74.118789,2,3,False,2,EV1,-1,22.0,4,0,20
E.1.0.0,381647,PB,Z374104,L636,No Disponible,2024-04-19 06:15:30.646,2024-04-19 06:15:30.826,T,4.567394,-74.116392,2,3,False,2,EV1,-1,22.0,3,0,23
E.1.0.0,381656,PB,Z374104,L636,No Disponible,2024-04-19 06:16:41.762,2024-04-19 06:16:42.282,T,4.566319,-74.113186,2,3,False,2,EV1,-1,22.0,1,0,24
E.1.0.0,381671,PB,Z374104,L636,No Disponible,2024-04-19 06:19:27.322,2024-04-19 06:19:27.552,T,4.563686,-74.108783,2,3,False,2,EV1,-1,22.0,0,1,23
E.1.0.0,381690,PB,Z374104,L636,No Disponible,2024-04-19 06:22:53.725,2024-04-19 06:22:54.655,T,4.564878,-74.107894,2,3,False,2,EV1,-1,22.0,20,1,42
E.1.0.0,381708,PB,Z374104,L636,No Disponible,2024-04-19 06:26:02.365,2024-04-19 06:26:02.535,T,4.567586,-74.101778,2,3,False,2,EV1,-1,22.0,0,1,41
E.1.0.0,381720,PB,Z374104,L636,No Disponible,2024-04-19 06:28:11.716,2024-04-19 06:28:12.076,T,4.569553,-74.100078,2,3,False,2,EV1,-1,22.0,0,7,34
E.1.0.0,381729,PB,Z374104,L636,No Disponible,2024-04-19 06:29:28.236,2024-04-19 06:29:28.256,T,4.571494,-74.098361,2,3,False,2,EV1,-1,22.0,1,7,28
E.1.0.0,381741,PB,Z374104,L636,No Disponible,2024-04-19 06:31:22.326,2024-04-19 06:31:23.156,T,4.574906,-74.095228,2,3,False,2,EV1,-1,22.0,0,3,25
E.1.0.0,381755,PB,Z374104,L636,No Disponible,2024-04-19 06:33:40.106,2024-04-19 06:33:40.766,T,4.574631,-74.093567,2,3,False,2,EV1,-1,22.0,5,0,30
E.1.0.0,381760,PB,Z374104,L636,No Disponible,2024-04-19 06:34:07.276,2024-04-19 06:34:07.526,T,4.574331,-74.093253,2,3,False,2,EV1,-1,22.0,2,0,32
E.1.0.0,381766,PB,Z374104,L636,No Disponible,2024-04-19 06:34:59.266,2024-04-19 06:35:00.157,T,4.572886,-74.091917,2,3,False,2,EV1,-1,22.0,2,1,33
E.1.0.0,381777,PB,Z374104,L636,No Disponible,2024-04-19 06:36:25.936,2024-04-19 06:36:25.946,T,4.571936,-74.090953,2,3,False,2,EV1,-1,22.0,1,1,33
E.1.0.0,381788,PB,Z374104,L636,No Disponible,2024-04-19 06:38:06.366,2024-04-19 06:38:07.306,T,4.569283,-74.086414,2,3,False,2,EV1,-1,22.0,1,9,25
E.1.0.0,381803,PB,Z374104,L636,No Disponible,2024-04-19 06:40:54.276,2024-04-19 06:40:54.306,T,4.565033,-74.084497,2,3,False,2,EV1,-1,22.0,2,2,25
E.1.0.0,381824,PB,Z374104,H636,No Disponible,2024-04-19 06:44:03.033,2024-04-19 06:44:03.303,T,4.562869,-74.083711,2,3,False,2,EV1,-1,22.0,11,0,36
E.1.0.0,381833,PB,Z374104,H636,No Disponible,2024-04-19 06:45:25.053,2024-04-19 06:45:25.223,T,4.564431,-74.083911,2,3,False,2,EV1,-1,22.0,3,0,39
E.1.0.0,381842,PB,Z374104,H636,No Disponible,2024-04-19 06:46:55.403,2024-04-19 06:46:55.503,T,4.566186,-74.083353,2,3,False,2,EV1,-1,22.0,7,0,46
E.1.0.0,381853,PB,Z374104,H636,No Disponible,2024-04-19 06:48:29.426,2024-04-19 06:48:29.776,T,4.568481,-74.084675,2,3,False,2,EV1,-1,22.0,2,0,48
E.1.0.0,381866,PB,Z374104,H636,No Disponible,2024-04-19 06:50:25.566,2024-04-19 06:50:25.656,T,4.570117,-74.087786,2,3,False,2,EV1,-1,22.0,2,0,50
E.1.0.0,381874,PB,Z374104,H636,No Disponible,2024-04-19 06:51:33.366,2024-04-19 06:51:33.556,T,4.572392,-74.091231,2,3,False,2,EV1,-1,22.0,0,1,49
E.1.0.0,381894,PB,Z374104,H636,No Disponible,2024-04-19 06:55:03.806,2024-04-19 06:55:03.906,T,4.575433,-74.094094,2,3,False,2,EV1,-1,22.0,1,23,27
E.1.0.0,381917,PB,Z374104,H636,No Disponible,2024-04-19 06:59:25.170,2024-04-19 06:59:25.470,T,4.576300,-74.094353,2,3,False,2,EV1,-1,22.0,0,0,27
E.1.0.0,381936,PB,Z374104,H636,No Disponible,2024-04-19 07:02:53.366,2024-04-19 07:02:54.236,T,4.571161,-74.099022,2,3,False,2,EV1,-1,22.0,1,0,28
E.1.0.0,381954,PB,Z374104,H636,No Disponible,2024-04-19 07:05:43.536,2024-04-19 07:05:44.436,T,4.566494,-74.103144,2,3,False,2,EV1,-1,22.0,1,0,29
E.1.0.0,381970,PB,Z374104,H636,No Disponible,2024-04-19 07:08:29.136,2024-04-19 07:08:29.636,T,4.564700,-74.107992,2,3,False,2,EV1,-1,22.0,2,1,30
E.1.0.0,381981,PB,Z374104,H636,No Disponible,2024-04-19 07:10:05.205,2024-04-19 07:10:05.276,T,4.563742,-74.109067,2,3,False,2,EV1,-1,22.0,2,0,32
E.1.0.0,381991,PB,Z374104,H636,No Disponible,2024-04-19 07:11:45.676,2024-04-19 07:11:46.566,T,4.564217,-74.111175,2,3,False,2,EV1,-1,22.0,10,0,42
E.1.0.0,381998,PB,Z374104,H636,No Disponible,2024-04-19 07:12:32.620,2024-04-19 07:12:32.760,T,4.565739,-74.111817,2,3,False,2,EV1,-1,22.0,1,0,43
E.1.0.0,382007,PB,Z374104,H636,No Disponible,2024-04-19 07:13:47.340,2024-04-19 07:13:47.949,T,4.566775,-74.114128,2,3,False,2,EV1,-1,22.0,4,1,46
E.1.0.0,382014,PB,Z374104,H636,No Disponible,2024-04-19 07:14:38.500,2024-04-19 07:14:38.530,T,4.568111,-74.115933,2,3,False,2,EV1,-1,22.0,1,0,47
E.1.0.0,382021,PB,Z374104,H636,No Disponible,2024-04-19 07:15:17.749,2024-04-19 07:15:17.859,T,4.569019,-74.117083,2,3,False,2,EV1,-1,22.0,1,0,48
E.1.0.0,382029,PB,Z374104,H636,No Disponible,2024-04-19 07:16:16.710,2024-04-19 07:16:17.180,T,4.570586,-74.119122,2,3,False,2,EV1,-1,22.0,3,0,51
E.1.0.0,382037,PB,Z374104,H636,No Disponible,2024-04-19 07:17:14.410,2024-04-19 07:17:15.550,T,4.570836,-74.121353,2,3,False,2,EV1,-1,22.0,0,1,50
E.1.0.0,382046,PB,Z374104,H636,No Disponible,2024-04-19 07:18:28.166,2024-04-19 07:18:28.386,T,4.571172,-74.123469,2,3,False,2,EV1,-1,22.0,0,6,44
E.1.0.0,382065,PB,Z374104,H636,No Disponible,2024-04-19 07:21:54.316,2024-04-19 07:21:54.576,T,4.573658,-74.123683,2,3,False,2,EV1,-1,23.0,1,2,43
E.1.0.0,382098,PB,Z374104,H636,No Disponible,2024-04-19 07:28:07.286,2024-04-19 07:28:07.456,T,4.577331,-74.129019,2,3,False,2,EV1,-1,23.0,0,3,40
E.1.0.0,382104,PB,Z374104,H636,No Disponible,2024-04-19 07:28:57.596,2024-04-19 07:28:57.965,T,4.578475,-74.128275,2,3,False,2,EV1,-1,23.0,1,1,40
E.1.0.0,382130,PB,Z374104,H636,No Disponible,2024-04-19 07:33:37.136,2024-04-19 07:33:37.416,T,4.581619,-74.126381,2,3,False,2,EV1,-1,23.0,1,1,40
E.1.0.0,382141,PB,Z374104,H636,No Disponible,2024-04-19 07:34:56.946,2024-04-19 07:34:57.156,T,4.584933,-74.127761,2,3,False,2,EV1,-1,23.0,1,0,41
E.1.0.0,382164,PB,Z374104,H636,No Disponible,2024-04-19 07:39:18.436,2024-04-19 07:39:18.446,T,4.591164,-74.127794,2,3,False,2,EV1,-1,23.0,2,0,43
E.1.0.0,382174,PB,Z374104,H636,No Disponible,2024-04-19 07:40:46.096,2024-04-19 07:40:46.956,T,4.593117,-74.126664,2,3,False,2,EV1,-1,23.0,0,2,41
E.1.0.0,382185,PB,Z374104,H636,No Disponible,2024-04-19 07:42:28.186,2024-04-19 07:42:28.406,T,4.593814,-74.130394,2,3,False,2,EV1,-1,23.0,3,0,44
E.1.0.0,382194,PB,Z374104,H636,No Disponible,2024-04-19 07:43:42.156,2024-04-19 07:43:42.176,T,4.594533,-74.134694,2,3,False,2,EV1,-1,23.0,0,1,43
E.1.0.0,382243,PB,Z374104,H636,No Disponible,2024-04-19 07:53:31.186,2024-04-19 07:53:31.496,T,4.590894,-74.144792,2,3,False,2,EV1,-1,23.0,0,0,43
E.1.0.0,382258,PB,Z374104,H636,No Disponible,2024-04-19 07:56:16.656,2024-04-19 07:56:16.906,T,4.588225,-74.149344,2,3,False,2,EV1,-1,23.0,0,1,42
E.1.0.0,382272,PB,Z374104,H636,No Disponible,2024-04-19 07:58:25.192,2024-04-19 07:58:25.432,T,4.584869,-74.148350,2,3,False,2,EV1,-1,23.0,0,1,41
E.1.0.0,382278,PB,Z374104,H636,No Disponible,2024-04-19 07:59:19.082,2024-04-19 07:59:19.113,T,4.586269,-74.147767,2,3,False,2,EV1,-1,23.0,0,2,39
E.1.0.0,382431,PB,Z374104,L636,No Disponible,2024-04-19 08:33:18.376,2024-04-19 08:33:18.906,T,4.594158,-74.134658,2,3,False,2,EV1,-1,25.0,2,0,2
E.1.0.0,382441,PB,Z374104,L636,No Disponible,2024-04-19 08:34:51.696,2024-04-19 08:34:52.306,T,4.592572,-74.128067,2,3,False,2,EV1,-1,25.0,1,0,3
E.1.0.0,382449,PB,Z374104,L636,No Disponible,2024-04-19 08:35:53.636,2024-04-19 08:35:54.076,T,4.590781,-74.125742,2,3,False,2,EV1,-1,25.0,1,0,4
E.1.0.0,382469,PB,Z374104,L636,No Disponible,2024-04-19 08:39:59.136,2024-04-19 08:39:59.206,T,4.582300,-74.126739,2,3,False,2,EV1,-1,25.0,1,0,5
E.1.0.0,382537,PB,Z374104,L636,No Disponible,2024-04-19 08:54:16.716,2024-04-19 08:54:17.166,T,4.569419,-74.123775,2,3,False,2,EV1,-1,26.0,1,0,6
E.1.0.0,382547,PB,Z374104,L636,No Disponible,2024-04-19 08:55:51.416,2024-04-19 08:55:51.486,T,4.567958,-74.118958,2,3,False,2,EV1,-1,26.0,0,0,6
E.1.0.0,382562,PB,Z374104,L636,No Disponible,2024-04-19 08:58:27.206,2024-04-19 08:58:27.346,T,4.566511,-74.113606,2,3,False,2,EV1,-1,26.0,0,3,3
E.1.0.0,382590,PB,Z374104,L636,No Disponible,2024-04-19 09:03:55.306,2024-04-19 09:03:55.316,T,4.565147,-74.107842,2,3,False,2,EV1,-1,27.0,3,1,5
E.1.0.0,382619,PB,Z374104,L636,No Disponible,2024-04-19 09:09:40.126,2024-04-19 09:09:40.246,T,4.575158,-74.095017,2,3,False,2,EV1,-1,27.0,0,3,2
E.1.0.0,382635,PB,Z374104,L636,No Disponible,2024-04-19 09:12:10.906,2024-04-19 09:12:12.366,T,4.572778,-74.091758,2,3,False,2,EV1,-1,27.0,1,1,2
E.1.0.0,382657,PB,Z374104,L636,No Disponible,2024-04-19 09:16:36.736,2024-04-19 09:16:36.996,T,4.562528,-74.083639,2,3,False,2,EV1,-1,26.0,0,1,1
E.1.0.0,382738,PB,Z374104,H636,No Disponible,2024-04-19 09:32:13.295,2024-04-19 09:32:13.405,T,4.565969,-74.083333,2,3,False,2,EV1,-1,27.0,1,0,2
E.1.0.0,382749,PB,Z374104,H636,No Disponible,2024-04-19 09:33:54.086,2024-04-19 09:33:54.236,T,4.568469,-74.084569,2,3,False,2,EV1,-1,27.0,1,0,3
E.1.0.0,382761,PB,Z374104,H636,No Disponible,2024-04-19 09:35:42.196,2024-04-19 09:35:42.276,T,4.569806,-74.087150,2,3,False,2,EV1,-1,27.0,1,0,4
E.1.0.0,382767,PB,Z374104,H636,No Disponible,2024-04-19 09:36:24.656,2024-04-19 09:36:24.686,T,4.570119,-74.087694,2,3,False,2,EV1,-1,27.0,1,0,5
E.1.0.0,382782,PB,Z374104,H636,No Disponible,2024-04-19 09:39:17.094,2024-04-19 09:39:17.574,T,4.575450,-74.094067,2,3,False,2,EV1,-1,27.0,0,3,2
E.1.0.0,382805,PB,Z374104,H636,No Disponible,2024-04-19 09:43:47.136,2024-04-19 09:43:47.606,T,4.576275,-74.094378,2,3,False,2,EV1,-1,27.0,2,0,4
E.1.0.0,382811,PB,Z374104,H636,No Disponible,2024-04-19 09:44:16.586,2024-04-19 09:44:16.736,T,4.576275,-74.094378,2,3,False,2,EV1,-1,27.0,1,0,5
E.1.0.0,382824,PB,Z374104,H636,No Disponible,2024-04-19 09:46:33.416,2024-04-19 09:46:34.026,T,4.571136,-74.099036,2,3,False,2,EV1,-1,28.0,1,0,6
E.1.0.0,382842,PB,Z374104,H636,No Disponible,2024-04-19 09:49:53.226,2024-04-19 09:49:53.396,T,4.564503,-74.108011,2,3,False,2,EV1,-1,28.0,1,1,6
E.1.0.0,382851,PB,Z374104,H636,No Disponible,2024-04-19 09:51:09.056,2024-04-19 09:51:09.376,T,4.563736,-74.108792,2,3,False,2,EV1,-1,28.0,1,0,7
E.1.0.0,382859,PB,Z374104,H636,No Disponible,2024-04-19 09:52:17.936,2024-04-19 09:52:18.046,T,4.564403,-74.111308,2,3,False,2,EV1,-1,28.0,3,1,9
E.1.0.0,382866,PB,Z374104,H636,No Disponible,2024-04-19 09:53:07.425,2024-04-19 09:53:07.626,T,4.565794,-74.111842,2,3,False,2,EV1,-1,28.0,1,0,10
E.1.0.0,382876,PB,Z374104,H636,No Disponible,2024-04-19 09:54:56.096,2024-04-19 09:54:56.265,T,4.568100,-74.115908,2,3,False,2,EV1,-1,28.0,3,0,13
E.1.0.0,382883,PB,Z374104,H636,No Disponible,2024-04-19 09:55:43.186,2024-04-19 09:55:45.015,T,4.569353,-74.117511,2,3,False,2,EV1,-1,28.0,3,0,16
E.1.0.0,382890,PB,Z374104,H636,No Disponible,2024-04-19 09:56:24.445,2024-04-19 09:56:24.706,T,4.570275,-74.118664,2,3,False,2,EV1,-1,28.0,0,1,15
E.1.0.0,382901,PB,Z374104,H636,No Disponible,2024-04-19 09:58:01.141,2024-04-19 09:58:01.736,T,4.571178,-74.123392,2,3,False,2,EV1,-1,28.0,0,3,12
E.1.0.0,382914,PB,Z374104,H636,No Disponible,2024-04-19 10:00:18.746,2024-04-19 10:00:19.476,T,4.573853,-74.123619,2,3,False,2,EV1,-1,28.0,1,0,13
E.1.0.0,382950,PB,Z374104,H636,No Disponible,2024-04-19 10:07:28.666,2024-04-19 10:07:29.636,T,4.577319,-74.129008,2,3,False,2,EV1,-1,29.0,0,1,12
E.1.0.0,382961,PB,Z374104,H636,No Disponible,2024-04-19 10:09:01.316,2024-04-19 10:09:02.117,T,4.578544,-74.128069,2,3,False,2,EV1,-1,29.0,0,1,11
E.1.0.0,382983,PB,Z374104,H636,No Disponible,2024-04-19 10:13:19.297,2024-04-19 10:13:19.387,T,4.581647,-74.126403,2,3,False,2,EV1,-1,29.0,2,0,13
E.1.0.0,382990,PB,Z374104,H636,No Disponible,2024-04-19 10:14:13.327,2024-04-19 10:14:13.807,T,4.584592,-74.127617,2,3,False,2,EV1,-1,29.0,1,0,14
E.1.0.0,383002,PB,Z374104,H636,No Disponible,2024-04-19 10:16:14.257,2024-04-19 10:16:15.387,T,4.588375,-74.128350,2,3,False,2,EV1,-1,29.0,0,1,13
E.1.0.0,383019,PB,Z374104,H636,No Disponible,2024-04-19 10:19:30.546,2024-04-19 10:19:30.956,T,4.593803,-74.130467,2,3,False,2,EV1,-1,30.0,1,0,14
E.1.0.0,383027,PB,Z374104,H636,No Disponible,2024-04-19 10:20:38.316,2024-04-19 10:20:38.456,T,4.594528,-74.134619,2,3,False,2,EV1,-1,30.0,2,3,13
E.1.0.0,383044,PB,Z374104,H636,No Disponible,2024-04-19 10:23:37.576,2024-04-19 10:23:38.186,T,4.594083,-74.134267,2,3,False,2,EV1,-1,30.0,1,0,14
E.1.0.0,383064,PB,Z374104,H636,No Disponible,2024-04-19 10:27:01.416,2024-04-19 10:27:01.676,T,4.592208,-74.138358,2,3,False,2,EV1,-1,30.0,1,0,15
E.1.0.0,383077,PB,Z374104,H636,No Disponible,2024-04-19 10:29:08.808,2024-04-19 10:29:09.148,T,4.590542,-74.143153,2,3,False,2,EV1,-1,29.0,0,0,15
E.1.0.0,383089,PB,Z374104,H636,No Disponible,2024-04-19 10:31:18.069,2024-04-19 10:31:18.118,T,4.589303,-74.146803,2,3,False,2,EV1,-1,29.0,0,1,14
E.1.0.0,383098,PB,Z374104,H636,No Disponible,2024-04-19 10:32:30.518,2024-04-19 10:32:31.398,T,4.588208,-74.149350,2,3,False,2,EV1,-1,29.0,0,2,12
E.1.0.0,383109,PB,Z374104,H636,No Disponible,2024-04-19 10:34:15.666,2024-04-19 10:34:16.126,T,4.584908,-74.148175,2,3,False,2,EV1,-1,29.0,0,1,11
E.1.0.0,383238,PB,Z374104,L636,No Disponible,2024-04-19 11:00:17.596,2024-04-19 11:00:18.066,T,4.588397,-74.148211,2,3,False,2,EV1,-1,29.0,1,0,12
E.1.0.0,383248,PB,Z374104,L636,No Disponible,2024-04-19 11:01:58.706,2024-04-19 11:01:58.836,T,4.585236,-74.149644,2,3,False,2,EV1,-1,29.0,1,0,13
E.1.0.0,383259,PB,Z374104,L636,No Disponible,2024-04-19 11:03:23.876,2024-04-19 11:03:24.156,T,4.586183,-74.147708,2,3,False,2,EV1,-1,29.0,1,0,14
E.1.0.0,383273,PB,Z374104,L636,No Disponible,2024-04-19 11:05:42.568,2024-04-19 11:05:42.967,T,4.589553,-74.146097,2,3,False,2,EV1,-1,29.0,4,0,18
E.1.0.0,383293,PB,Z374104,L636,No Disponible,2024-04-19 11:09:16.136,2024-04-19 11:09:16.356,T,4.588333,-74.144008,2,3,False,2,EV1,-1,28.0,1,0,19
E.1.0.0,383306,PB,Z374104,L636,No Disponible,2024-04-19 11:11:19.416,2024-04-19 11:11:19.436,T,4.591025,-74.141953,2,3,False,2,EV1,-1,28.0,1,0,20
E.1.0.0,383317,PB,Z374104,L636,No Disponible,2024-04-19 11:12:59.566,2024-04-19 11:12:59.966,T,4.591053,-74.138486,2,3,False,2,EV1,-1,28.0,2,0,22
E.1.0.0,383341,PB,Z374104,L636,No Disponible,2024-04-19 11:17:01.326,2024-04-19 11:17:01.666,T,4.594117,-74.134383,2,3,False,2,EV1,-1,28.0,1,0,23
E.1.0.0,383351,PB,Z374104,L636,No Disponible,2024-04-19 11:18:40.316,2024-04-19 11:18:40.736,T,4.592511,-74.127950,2,3,False,2,EV1,-1,28.0,0,2,21
E.1.0.0,383364,PB,Z374104,L636,No Disponible,2024-04-19 11:20:21.320,2024-04-19 11:20:21.356,T,4.589858,-74.124506,2,3,False,2,EV1,-1,28.0,1,2,20
E.1.0.0,383373,PB,Z374104,L636,No Disponible,2024-04-19 11:21:51.736,2024-04-19 11:21:52.036,T,4.587733,-74.126511,2,3,False,2,EV1,-1,28.0,3,0,23
E.1.0.0,383395,PB,Z374104,L636,No Disponible,2024-04-19 11:25:40.276,2024-04-19 11:25:40.776,T,4.584758,-74.127758,2,3,False,2,EV1,-1,28.0,2,0,25
E.1.0.0,383406,PB,Z374104,L636,No Disponible,2024-04-19 11:27:23.776,2024-04-19 11:27:23.786,T,4.580525,-74.125989,2,3,False,2,EV1,-1,28.0,1,0,26
E.1.0.0,383424,PB,Z374104,L636,No Disponible,2024-04-19 11:30:41.636,2024-04-19 11:30:41.896,T,4.573625,-74.125994,2,3,False,2,EV1,-1,28.0,2,0,28
E.1.0.0,383495,PB,Z374104,L636,No Disponible,2024-04-19 11:44:24.846,2024-04-19 11:44:24.896,T,4.568525,-74.121650,2,3,False,2,EV1,-1,28.0,0,0,28
E.1.0.0,383503,PB,Z374104,L636,No Disponible,2024-04-19 11:45:30.346,2024-04-19 11:45:30.386,T,4.567969,-74.118925,2,3,False,2,EV1,-1,28.0,5,0,33
E.1.0.0,383512,PB,Z374104,L636,No Disponible,2024-04-19 11:46:42.346,2024-04-19 11:46:42.416,T,4.567347,-74.115950,2,3,False,2,EV1,-1,28.0,4,1,36
E.1.0.0,383522,PB,Z374104,L636,No Disponible,2024-04-19 11:48:10.456,2024-04-19 11:48:10.596,T,4.566383,-74.113325,2,3,False,2,EV1,-1,28.0,6,2,40
E.1.0.0,383531,PB,Z374104,L636,No Disponible,2024-04-19 11:49:20.486,2024-04-19 11:49:20.746,T,4.565072,-74.111553,2,3,False,2,EV1,-1,28.0,4,0,44
E.1.0.0,383539,PB,Z374104,L636,No Disponible,2024-04-19 11:50:31.496,2024-04-19 11:50:31.696,T,4.563975,-74.110803,2,3,False,2,EV1,-1,28.0,9,0,53
E.1.0.0,383547,PB,Z374104,L636,No Disponible,2024-04-19 11:51:36.446,2024-04-19 11:51:36.487,T,4.563686,-74.108511,2,3,False,2,EV1,-1,28.0,0,0,53
E.1.0.0,383560,PB,Z374104,L636,No Disponible,2024-04-19 11:53:46.286,2024-04-19 11:53:46.546,T,4.565261,-74.107789,2,3,False,2,EV1,-1,27.0,0,2,51
E.1.0.0,383571,PB,Z374104,L636,No Disponible,2024-04-19 11:55:12.104,2024-04-19 11:55:12.574,T,4.566042,-74.103408,2,3,False,2,EV1,-1,28.0,0,2,49
E.1.0.0,383589,PB,Z374104,L636,No Disponible,2024-04-19 11:58:29.753,2024-04-19 11:58:29.755,T,4.567669,-74.101678,2,3,False,2,EV1,-1,28.0,0,13,36
E.1.0.0,383600,PB,Z374104,L636,No Disponible,2024-04-19 12:00:19.134,2024-04-19 12:00:19.364,T,4.569983,-74.099708,2,3,False,2,EV1,-1,28.0,1,2,35
E.1.0.0,383613,PB,Z374104,L636,No Disponible,2024-04-19 12:02:38.494,2024-04-19 12:02:38.744,T,4.571439,-74.098394,2,3,False,2,EV1,-1,28.0,0,3,32
E.1.0.0,383626,PB,Z374104,L636,No Disponible,2024-04-19 12:04:53.784,2024-04-19 12:04:53.894,T,4.575150,-74.094992,2,3,False,2,EV1,-1,28.0,0,2,30
E.1.0.0,383642,PB,Z374104,L636,No Disponible,2024-04-19 12:07:38.666,2024-04-19 12:07:38.736,T,4.573153,-74.092133,2,3,False,2,EV1,-1,28.0,1,9,22
E.1.0.0,383653,PB,Z374104,L636,No Disponible,2024-04-19 12:09:02.476,2024-04-19 12:09:02.746,T,4.571911,-74.090850,2,3,False,2,EV1,-1,28.0,1,0,23
E.1.0.0,383673,PB,Z374104,L636,No Disponible,2024-04-19 12:13:06.346,2024-04-19 12:13:06.376,T,4.562864,-74.083692,2,3,False,2,EV1,-1,27.0,0,1,22
E.1.0.0,383688,PB,Z374104,H636,No Disponible,2024-04-19 12:15:50.666,2024-04-19 12:15:50.892,T,4.564561,-74.083906,2,3,False,2,EV1,-1,27.0,6,0,28
E.1.0.0,383699,PB,Z374104,H636,No Disponible,2024-04-19 12:17:26.376,2024-04-19 12:17:26.476,T,4.566153,-74.083342,2,3,False,2,EV1,-1,27.0,4,0,32
E.1.0.0,383728,PB,Z374104,H636,No Disponible,2024-04-19 12:23:01.408,2024-04-19 12:23:02.018,T,4.572306,-74.091128,2,3,False,2,EV1,-1,27.0,1,4,29
E.1.0.0,383737,PB,Z374104,H636,No Disponible,2024-04-19 12:24:39.308,2024-04-19 12:24:41.538,T,4.574303,-74.092908,2,3,False,2,EV1,-1,27.0,0,4,25
E.1.0.0,383745,PB,Z374104,H636,No Disponible,2024-04-19 12:25:29.076,2024-04-19 12:25:29.256,T,4.575325,-74.093919,2,3,False,2,EV1,-1,27.0,1,2,24
E.1.0.0,383772,PB,Z374104,H636,No Disponible,2024-04-19 12:30:25.371,2024-04-19 12:30:25.416,T,4.576286,-74.094367,2,3,False,2,EV1,-1,27.0,9,0,33
E.1.0.0,383805,PB,Z374104,H636,No Disponible,2024-04-19 12:36:33.456,2024-04-19 12:36:33.506,T,4.571544,-74.098722,2,3,False,2,EV1,-1,27.0,3,0,36
E.1.0.0,383817,PB,Z374104,H636,No Disponible,2024-04-19 12:38:21.486,2024-04-19 12:38:21.496,T,4.569111,-74.100758,2,3,False,2,EV1,-1,27.0,2,0,38
E.1.0.0,383829,PB,Z374104,H636,No Disponible,2024-04-19 12:40:21.036,2024-04-19 12:40:21.216,T,4.565553,-74.103939,2,3,False,2,EV1,-1,27.0,0,2,36
E.1.0.0,383842,PB,Z374104,H636,No Disponible,2024-04-19 12:42:54.126,2024-04-19 12:42:54.256,T,4.564644,-74.108014,2,3,False,2,EV1,-1,26.0,0,3,33
E.1.0.0,383848,PB,Z374104,H636,No Disponible,2024-04-19 12:43:21.126,2024-04-19 12:43:21.416,T,4.564644,-74.108014,2,3,False,2,EV1,-1,26.0,1,0,34
E.1.0.0,383856,PB,Z374104,H636,No Disponible,2024-04-19 12:44:28.076,2024-04-19 12:44:28.226,T,4.563783,-74.109125,2,3,False,2,EV1,-1,27.0,1,0,35
E.1.0.0,383863,PB,Z374104,H636,No Disponible,2024-04-19 12:45:26.466,2024-04-19 12:45:26.706,T,4.564114,-74.110950,2,3,False,2,EV1,-1,27.0,1,2,34
E.1.0.0,383870,PB,Z374104,H636,No Disponible,2024-04-19 12:46:06.086,2024-04-19 12:46:06.696,T,4.565808,-74.111867,2,3,False,2,EV1,-1,27.0,2,0,36
E.1.0.0,383878,PB,Z374104,H636,No Disponible,2024-04-19 12:47:17.116,2024-04-19 12:47:17.406,T,4.566581,-74.113725,2,3,False,2,EV1,-1,27.0,3,2,37
E.1.0.0,383888,PB,Z374104,H636,No Disponible,2024-04-19 12:48:53.066,2024-04-19 12:48:53.356,T,4.568075,-74.115903,2,3,False,2,EV1,-1,27.0,9,0,46
E.1.0.0,383898,PB,Z374104,H636,No Disponible,2024-04-19 12:49:54.096,2024-04-19 12:49:54.546,T,4.569211,-74.117322,2,3,False,2,EV1,-1,27.0,4,0,50
E.1.0.0,383906,PB,Z374104,H636,No Disponible,2024-04-19 12:50:43.346,2024-04-19 12:50:43.876,T,4.570494,-74.118981,2,3,False,2,EV1,-1,27.0,3,0,53
E.1.0.0,383917,PB,Z374104,H636,No Disponible,2024-04-19 12:52:32.037,2024-04-19 12:52:32.136,T,4.571214,-74.123458,2,3,False,2,EV1,-1,27.0,1,14,40
E.1.0.0,383931,PB,Z374104,H636,No Disponible,2024-04-19 12:54:41.286,2024-04-19 12:54:41.326,T,4.573814,-74.123661,2,3,False,2,EV1,-1,27.0,1,1,40
E.1.0.0,383956,PB,Z374104,H636,No Disponible,2024-04-19 12:59:11.176,2024-04-19 12:59:11.416,T,4.575797,-74.126219,2,3,False,2,EV1,-1,26.0,0,0,40
E.1.0.0,383988,PB,Z374104,H636,No Disponible,2024-04-19 13:05:03.326,2024-04-19 13:05:06.856,T,4.577364,-74.129008,2,3,False,2,EV1,-1,26.0,2,2,40
E.1.0.0,383998,PB,Z374104,H636,No Disponible,2024-04-19 13:06:53.436,2024-04-19 13:06:53.826,T,4.578569,-74.128075,2,3,False,2,EV1,-1,26.0,1,1,40
E.1.0.0,384015,PB,Z374104,H636,No Disponible,2024-04-19 13:09:51.826,2024-04-19 13:09:52.116,T,4.581706,-74.126414,2,3,False,2,EV1,-1,26.0,2,0,42
E.1.0.0,384027,PB,Z374104,H636,No Disponible,2024-04-19 13:11:44.106,2024-04-19 13:11:44.376,T,4.585008,-74.127800,2,3,False,2,EV1,-1,26.0,0,0,42
E.1.0.0,384043,PB,Z374104,H636,No Disponible,2024-04-19 13:14:30.276,2024-04-19 13:14:30.706,T,4.591156,-74.127828,2,3,False,2,EV1,-1,26.0,2,0,44
E.1.0.0,384056,PB,Z374104,H636,No Disponible,2024-04-19 13:16:46.066,2024-04-19 13:16:47.146,T,4.592844,-74.126742,2,3,False,2,EV1,-1,26.0,0,2,42
E.1.0.0,384066,PB,Z374104,H636,No Disponible,2024-04-19 13:18:15.366,2024-04-19 13:18:15.766,T,4.593853,-74.130494,2,3,False,2,EV1,-1,26.0,1,0,43
E.1.0.0,384073,PB,Z374104,H636,No Disponible,2024-04-19 13:19:15.936,2024-04-19 13:19:16.096,T,4.594581,-74.134833,2,3,False,2,EV1,-1,26.0,0,2,41
E.1.0.0,384127,PB,Z374104,H636,No Disponible,2024-04-19 13:29:03.306,2024-04-19 13:29:03.316,T,4.590558,-74.143011,2,3,False,2,EV1,-1,26.0,0,0,41
E.1.0.0,384139,PB,Z374104,H636,No Disponible,2024-04-19 13:31:17.476,2024-04-19 13:31:18.896,T,4.589372,-74.146725,2,3,False,2,EV1,-1,26.0,0,0,41
E.1.0.0,384161,PB,Z374104,H636,No Disponible,2024-04-19 13:35:00.795,2024-04-19 13:35:01.507,T,4.586297,-74.147753,2,3,False,2,EV1,-1,25.0,0,2,39
E.1.0.0,384246,PB,Z374104,L636,No Disponible,2024-04-19 13:50:48.046,2024-04-19 13:50:48.216,T,4.588417,-74.148233,2,3,False,2,EV1,-1,25.0,1,0,40
E.1.0.0,384266,PB,Z374104,L636,No Disponible,2024-04-19 13:54:18.296,2024-04-19 13:54:18.606,T,4.588525,-74.148256,2,3,False,2,EV1,-1,23.0,1,0,41
E.1.0.0,384277,PB,Z374104,L636,No Disponible,2024-04-19 13:55:48.176,2024-04-19 13:55:49.466,T,4.589808,-74.145664,2,3,False,2,EV1,-1,24.0,1,0,42
E.1.0.0,384298,PB,Z374104,L636,No Disponible,2024-04-19 13:59:22.686,2024-04-19 13:59:22.746,T,4.591131,-74.141936,2,3,False,2,EV1,-1,23.0,1,0,43
E.1.0.0,384310,PB,Z374104,L636,No Disponible,2024-04-19 14:01:15.446,2024-04-19 14:01:15.636,T,4.591103,-74.138483,2,3,False,2,EV1,-1,23.0,2,2,43
E.1.0.0,384339,PB,Z374104,L636,No Disponible,2024-04-19 14:06:11.426,2024-04-19 14:06:11.626,T,4.592675,-74.128331,2,3,False,2,EV1,-1,23.0,6,2,47
E.1.0.0,384351,PB,Z374104,L636,No Disponible,2024-04-19 14:08:00.590,2024-04-19 14:08:50.276,T,4.592564,-74.128050,2,3,True,2,EV1,-1,23.0,0,1,46
E.1.0.0,384356,PB,Z374104,L636,No Disponible,2024-04-19 14:08:56.280,2024-04-19 14:08:56.790,T,4.590922,-74.125883,2,3,False,2,EV1,-1,23.0,1,0,47
E.1.0.0,384364,PB,Z374104,L636,No Disponible,2024-04-19 14:09:44.180,2024-04-19 14:09:45.070,T,4.589939,-74.124617,2,3,False,2,EV1,-1,23.0,2,0,49
E.1.0.0,384381,PB,Z374104,L636,No Disponible,2024-04-19 14:12:47.496,2024-04-19 14:12:47.756,T,4.585114,-74.127928,2,3,False,2,EV1,-1,23.0,2,2,49
E.1.0.0,384404,PB,Z374104,L636,No Disponible,2024-04-19 14:17:20.736,2024-04-19 14:17:21.426,T,4.573894,-74.126111,2,3,False,2,EV1,-1,23.0,0,0,49
E.1.0.0,384450,PB,Z374104,L636,No Disponible,2024-04-19 14:26:57.226,2024-04-19 14:26:57.336,T,4.569389,-74.123597,2,3,False,2,EV1,-1,23.0,1,0,50
E.1.0.0,384466,PB,Z374104,L636,No Disponible,2024-04-19 14:29:45.436,2024-04-19 14:29:45.446,T,4.567386,-74.115983,2,3,False,2,EV1,-1,22.0,0,1,49
E.1.0.0,384476,PB,Z374104,L636,No Disponible,2024-04-19 14:31:09.306,2024-04-19 14:31:09.388,T,4.566394,-74.113294,2,3,False,2,EV1,-1,22.0,1,2,48
E.1.0.0,384486,PB,Z374104,L636,No Disponible,2024-04-19 14:32:57.606,2024-04-19 14:32:58.056,T,4.563850,-74.110633,2,3,False,2,EV1,-1,22.0,0,0,48
E.1.0.0,384503,PB,Z374104,L636,No Disponible,2024-04-19 14:35:52.306,2024-04-19 14:35:52.736,T,4.564875,-74.107906,2,3,False,2,EV1,-1,22.0,0,2,46
E.1.0.0,384536,PB,Z374104,L636,No Disponible,2024-04-19 14:42:30.076,2024-04-19 14:42:30.606,T,4.571678,-74.098236,2,3,False,2,EV1,-1,22.0,2,3,45
E.1.0.0,384576,PB,Z374104,L636,No Disponible,2024-04-19 14:50:01.922,2024-04-19 14:50:02.530,T,4.569358,-74.086483,2,3,False,2,EV1,-1,22.0,0,0,45
E.1.0.0,384596,PB,Z374104,L636,No Disponible,2024-04-19 14:54:12.316,2024-04-19 14:54:12.546,T,4.562628,-74.083675,2,3,False,2,EV1,-1,22.0,0,1,44
E.1.0.0,384618,PB,Z374104,H636,No Disponible,2024-04-19 14:57:58.546,2024-04-19 14:57:58.796,T,4.564194,-74.083825,2,3,False,2,EV1,-1,21.0,5,0,49
E.1.0.0,384626,PB,Z374104,H636,No Disponible,2024-04-19 14:58:56.776,2024-04-19 14:58:57.286,T,4.565506,-74.083442,2,3,False,2,EV1,-1,21.0,1,0,50
E.1.0.0,384633,PB,Z374104,H636,No Disponible,2024-04-19 14:59:54.736,2024-04-19 14:59:54.846,T,4.566097,-74.083361,2,3,False,2,EV1,-1,21.0,4,0,54
E.1.0.0,384639,PB,Z374104,H636,No Disponible,2024-04-19 15:00:14.496,2024-04-19 15:00:14.736,T,4.566353,-74.083375,2,3,False,2,EV1,-1,21.0,1,0,55
E.1.0.0,384688,PB,Z374104,H636,No Disponible,2024-04-19 15:09:53.066,2024-04-19 15:09:53.332,T,4.566736,-74.083353,2,3,False,2,EV1,-1,21.0,1,0,56
E.1.0.0,384731,PB,Z374104,H636,No Disponible,2024-04-19 15:18:02.626,2024-04-19 15:18:02.996,T,4.572294,-74.091083,2,3,False,2,EV1,-1,22.0,0,3,53
E.1.0.0,384750,PB,Z374104,DES,No Disponible,2024-04-19 15:21:23.126,2024-04-19 15:21:23.566,T,4.575353,-74.093978,2,3,False,2,EV1,-1,22.0,0,6,47
E.1.0.0,384798,PB,Z374104,DES,No Disponible,2024-04-19 15:31:17.426,2024-04-19 15:31:17.696,T,4.569231,-74.100717,2,3,False,2,EV1,-1,23.0,0,0,47
E.1.0.0,384807,PB,Z374104,DES,No Disponible,2024-04-19 15:32:26.326,2024-04-19 15:32:26.846,T,4.566675,-74.103019,2,3,False,2,EV1,-1,23.0,0,1,46
E.1.0.0,384846,PB,Z374104,H636,No Disponible,2024-04-19 15:40:22.426,2024-04-19 15:40:22.496,T,4.565861,-74.111875,2,3,False,2,EV1,-1,24.0,1,0,47
E.1.0.0,384853,PB,Z374104,H636,No Disponible,2024-04-19 15:41:11.636,2024-04-19 15:41:11.796,T,4.566847,-74.114203,2,3,False,2,EV1,-1,24.0,3,0,50
E.1.0.0,384862,PB,Z374104,H636,No Disponible,2024-04-19 15:42:24.226,2024-04-19 15:42:24.416,T,4.569014,-74.117067,2,3,False,2,EV1,-1,24.0,2,0,52
E.1.0.0,384870,PB,Z374104,H636,No Disponible,2024-04-19 15:43:21.726,2024-04-19 15:43:22.146,T,4.570503,-74.119014,2,3,False,2,EV1,-1,24.0,5,0,57
E.1.0.0,384876,PB,Z374104,H636,No Disponible,2024-04-19 15:44:15.056,2024-04-19 15:44:15.526,T,4.570919,-74.121308,2,3,False,2,EV1,-1,24.0,1,0,58
E.1.0.0,384884,PB,Z374104,H636,No Disponible,2024-04-19 15:45:19.236,2024-04-19 15:45:19.676,T,4.571397,-74.123972,2,3,False,2,EV1,-1,24.0,0,0,58
E.1.0.0,384892,PB,Z374104,H636,No Disponible,2024-04-19 15:46:16.256,2024-04-19 15:46:16.546,T,4.573967,-74.123622,2,3,False,2,EV1,-1,24.0,2,1,59
E.1.0.0,384918,PB,Z374104,H636,No Disponible,2024-04-19 15:51:38.412,2024-04-19 15:51:38.522,T,4.578583,-74.128094,2,3,False,2,EV1,-1,24.0,0,1,58
E.1.0.0,384944,PB,Z374104,H636,No Disponible,2024-04-19 15:55:50.346,2024-04-19 15:55:50.446,T,4.581639,-74.126425,2,3,False,2,EV1,-1,25.0,1,1,58
E.1.0.0,384950,PB,Z374104,H636,No Disponible,2024-04-19 15:56:08.566,2024-04-19 15:56:08.846,T,4.581781,-74.126483,2,3,False,2,EV1,-1,25.0,0,0,58
E.1.0.0,384979,PB,Z374104,H636,No Disponible,2024-04-19 16:02:22.516,2024-04-19 16:02:22.986,T,4.593011,-74.126719,2,3,False,2,EV1,-1,25.0,0,1,57
E.1.0.0,384988,PB,Z374104,H636,No Disponible,2024-04-19 16:03:59.276,2024-04-19 16:03:59.356,T,4.593844,-74.130042,2,3,False,2,EV1,-1,25.0,1,4,54
E.1.0.0,384998,PB,Z374104,H636,No Disponible,2024-04-19 16:05:04.596,2024-04-19 16:05:04.626,T,4.594533,-74.134553,2,3,False,2,EV1,-1,25.0,0,6,48
E.1.0.0,385018,PB,Z374104,H636,No Disponible,2024-04-19 16:08:34.026,2024-04-19 16:08:34.416,T,4.594178,-74.134578,2,3,False,2,EV1,-1,25.0,1,0,49
E.1.0.0,385043,PB,Z374104,H636,No Disponible,2024-04-19 16:13:11.146,2024-04-19 16:13:11.156,T,4.592244,-74.138389,2,3,False,2,EV1,-1,25.0,1,0,50
E.1.0.0,385087,PB,Z374104,H636,No Disponible,2024-04-19 16:21:20.706,2024-04-19 16:21:21.106,T,4.584994,-74.149617,2,3,False,2,EV1,-1,25.0,0,0,50
E.1.0.0,385093,PB,Z374104,H636,No Disponible,2024-04-19 16:22:13.076,2024-04-19 16:22:13.156,T,4.584906,-74.148303,2,3,False,2,EV1,-1,25.0,0,0,50
E.1.0.0,385160,PB,Z374104,RET,No Disponible,2024-04-19 16:34:31.756,2024-04-19 16:34:32.206,T,4.587325,-74.147958,2,3,False,2,EV1,-1,24.0,1,0,51
E.1.0.0,385184,PB,Z374104,L636,No Disponible,2024-04-19 16:38:38.256,2024-04-19 16:38:38.636,T,4.588392,-74.149036,2,3,False,2,EV1,-1,24.0,2,0,53
E.1.0.0,385247,PB,Z374104,L636,No Disponible,2024-04-19 16:51:23.756,2024-04-19 16:51:23.926,T,4.590844,-74.138561,2,3,False,2,EV1,-1,26.0,1,0,54
E.1.0.0,385267,PB,Z374104,L636,No Disponible,2024-04-19 16:55:12.446,2024-04-19 16:55:12.526,T,4.594206,-74.134725,2,3,False,2,EV1,-1,26.0,4,0,58
E.1.0.0,385281,PB,Z374104,L636,No Disponible,2024-04-19 16:57:09.505,2024-04-19 16:57:09.955,T,4.592658,-74.128261,2,3,False,2,EV1,-1,26.0,4,0,62
E.1.0.0,385293,PB,Z374104,L636,No Disponible,2024-04-19 16:59:10.206,2024-04-19 16:59:10.605,T,4.590064,-74.124869,2,3,False,2,EV1,-1,26.0,5,0,67
E.1.0.0,385304,PB,Z374104,L636,No Disponible,2024-04-19 17:00:46.756,2024-04-19 17:00:46.886,T,4.587803,-74.126467,2,3,False,2,EV1,-1,26.0,1,0,68
E.1.0.0,385332,PB,Z374104,L636,No Disponible,2024-04-19 17:05:37.616,2024-04-19 17:05:37.756,T,4.582264,-74.126742,2,3,False,2,EV1,-1,25.0,2,0,70
E.1.0.0,385349,PB,Z374104,L636,No Disponible,2024-04-19 17:08:42.096,2024-04-19 17:08:42.916,T,4.575656,-74.126614,2,3,False,2,EV1,-1,25.0,1,0,71
E.1.0.0,385389,PB,Z374104,L636,No Disponible,2024-04-19 17:16:38.226,2024-04-19 17:16:38.336,T,4.569531,-74.123994,2,3,False,2,EV1,-1,25.0,6,1,76
E.1.0.0,385397,PB,Z374104,L636,No Disponible,2024-04-19 17:17:39.376,2024-04-19 17:17:39.566,T,4.568544,-74.121603,2,3,False,2,EV1,-1,25.0,0,3,73
E.1.0.0,385404,PB,Z374104,L636,No Disponible,2024-04-19 17:18:34.476,2024-04-19 17:18:34.826,T,4.568039,-74.119253,2,3,False,2,EV1,-1,25.0,0,3,70
E.1.0.0,385409,PB,Z374104,L636,No Disponible,2024-04-19 17:18:54.116,2024-04-19 17:18:54.326,T,4.567967,-74.118872,2,3,False,2,EV1,-1,25.0,1,0,71
E.1.0.0,385416,PB,Z374104,L636,No Disponible,2024-04-19 17:19:44.146,2024-04-19 17:19:44.756,T,4.567342,-74.115864,2,3,False,2,EV1,-1,24.0,0,0,71
E.1.0.0,385424,PB,Z374104,L636,No Disponible,2024-04-19 17:20:49.326,2024-04-19 17:20:49.646,T,4.566542,-74.113636,2,3,False,2,EV1,-1,24.0,0,2,69
E.1.0.0,385436,PB,Z374104,L636,No Disponible,2024-04-19 17:22:30.086,2024-04-19 17:22:30.206,T,4.563992,-74.110794,2,3,False,2,EV1,-1,24.0,2,0,71
E.1.0.0,385451,PB,Z374104,L636,No Disponible,2024-04-19 17:25:10.596,2024-04-19 17:25:10.636,T,4.565364,-74.107753,2,3,False,2,EV1,-1,24.0,0,2,69
E.1.0.0,385461,PB,Z374104,L636,No Disponible,2024-04-19 17:26:50.796,2024-04-19 17:26:50.806,T,4.566128,-74.103400,2,3,False,2,EV1,-1,23.0,0,5,64
E.1.0.0,385490,PB,Z374104,L636,No Disponible,2024-04-19 17:32:10.246,2024-04-19 17:32:10.286,T,4.571869,-74.098058,2,3,False,2,EV1,-1,23.0,0,4,60
E.1.0.0,385498,PB,Z374104,L636,No Disponible,2024-04-19 17:33:19.326,2024-04-19 17:33:19.586,T,4.575322,-74.094908,2,3,False,2,EV1,-1,23.0,0,1,59
E.1.0.0,385505,PB,Z374104,L636,No Disponible,2024-04-19 17:34:18.496,2024-04-19 17:34:18.636,T,4.575050,-74.093942,2,3,False,2,EV1,-1,23.0,4,0,63
E.1.0.0,385514,PB,Z374104,L636,No Disponible,2024-04-19 17:35:39.046,2024-04-19 17:35:39.396,T,4.573150,-74.092131,2,3,False,2,EV1,-1,23.0,1,0,64
E.1.0.0,385537,PB,Z374104,L636,No Disponible,2024-04-19 17:39:52.596,2024-04-19 17:39:52.846,T,4.566831,-74.085056,2,3,False,2,EV1,-1,22.0,0,3,61
E.1.0.0,385548,PB,Z374104,L636,No Disponible,2024-04-19 17:41:19.216,2024-04-19 17:41:19.236,T,4.562561,-74.083669,2,3,False,2,EV1,-1,23.0,0,1,60
E.1.0.0,385583,PB,Z374104,H636,No Disponible,2024-04-19 17:47:43.256,2024-04-19 17:47:43.496,T,4.565967,-74.083350,2,3,False,2,EV1,-1,22.0,1,0,61
E.1.0.0,385608,PB,Z374104,H636,No Disponible,2024-04-19 17:52:25.476,2024-04-19 17:52:25.776,T,4.572458,-74.091256,2,3,False,2,EV1,-1,22.0,0,1,60
E.1.0.0,385646,PB,Z374104,H636,No Disponible,2024-04-19 17:59:33.756,2024-04-19 17:59:33.926,T,4.575883,-74.094708,2,3,False,2,EV1,-1,22.0,1,0,61
E.1.0.0,385685,PB,Z374104,H636,No Disponible,2024-04-19 18:06:41.286,2024-04-19 18:06:41.296,T,4.571397,-74.098836,2,3,False,2,EV1,-1,22.0,7,0,68
E.1.0.0,385735,PB,Z374104,H636,No Disponible,2024-04-19 18:16:39.836,2024-04-19 18:16:40.006,T,4.565083,-74.107969,2,3,False,2,EV1,-1,22.0,0,1,67
E.1.0.0,385750,PB,Z374104,H636,No Disponible,2024-04-19 18:18:57.616,2024-04-19 18:18:59.726,T,4.563792,-74.109353,2,3,False,2,EV1,-1,22.0,0,1,66
E.1.0.0,385760,PB,Z374104,H636,No Disponible,2024-04-19 18:20:00.196,2024-04-19 18:20:00.306,T,4.564128,-74.110914,2,3,False,2,EV1,-1,22.0,0,0,66
E.1.0.0,385773,PB,Z374104,H636,No Disponible,2024-04-19 18:22:35.336,2024-04-19 18:22:35.516,T,4.568081,-74.115875,2,3,False,2,EV1,-1,22.0,0,0,66
E.1.0.0,385783,PB,Z374104,H636,No Disponible,2024-04-19 18:23:56.076,2024-04-19 18:23:56.476,T,4.568919,-74.116903,2,3,False,2,EV1,-1,22.0,2,1,67
E.1.0.0,385793,PB,Z374104,H636,No Disponible,2024-04-19 18:25:09.136,2024-04-19 18:25:09.536,T,4.570728,-74.119258,2,3,False,2,EV1,-1,22.0,2,0,69
E.1.0.0,385802,PB,Z374104,H636,No Disponible,2024-04-19 18:26:36.316,2024-04-19 18:26:37.196,T,4.571236,-74.123486,2,3,False,2,EV1,-1,22.0,0,0,69
E.1.0.0,385919,PB,Z374104,H636,No Disponible,2024-04-19 18:49:58.314,2024-04-19 18:49:58.344,T,4.581403,-74.126264,2,3,False,2,EV1,-1,23.0,1,0,70
E.1.0.0,385934,PB,Z374104,H636,No Disponible,2024-04-19 18:52:18.116,2024-04-19 18:52:18.726,T,4.584289,-74.127475,2,3,False,2,EV1,-1,23.0,1,0,71
E.1.0.0,386001,PB,Z374104,H636,No Disponible,2024-04-19 19:05:33.176,2024-04-19 19:05:33.456,T,4.591375,-74.127642,2,3,False,2,EV1,-1,23.0,0,1,70
E.1.0.0,386009,PB,Z374104,H636,No Disponible,2024-04-19 19:06:28.446,2024-04-19 19:06:29.056,T,4.593117,-74.126650,2,3,False,2,EV1,-1,23.0,0,1,69
E.1.0.0,386018,PB,Z374104,H636,No Disponible,2024-04-19 19:07:54.626,2024-04-19 19:07:55.226,T,4.593864,-74.130736,2,3,False,2,EV1,-1,23.0,0,2,67
E.1.0.0,386046,PB,Z374104,H636,No Disponible,2024-04-19 19:12:57.496,2024-04-19 19:12:59.046,T,4.594169,-74.134517,2,3,False,2,EV1,-1,23.0,1,0,68
E.1.0.0,386115,PB,Z374104,H636,No Disponible,2024-04-19 19:26:07.764,2024-04-19 19:26:08.303,T,4.584914,-74.149578,2,3,False,2,EV1,-1,23.0,0,0,68
E.1.0.0,386167,PB,Z374104,L636,No Disponible,2024-04-19 19:37:00.796,2024-04-19 19:37:01.396,T,4.588183,-74.148164,2,3,False,2,EV1,-1,23.0,2,0,70
E.1.0.0,386229,PB,Z374104,L636,No Disponible,2024-04-19 19:50:19.096,2024-04-19 19:50:19.446,T,4.594114,-74.134181,2,3,False,2,EV1,-1,23.0,1,0,71
E.1.0.0,386239,PB,Z374104,L636,No Disponible,2024-04-19 19:51:38.966,2024-04-19 19:51:39.466,T,4.592444,-74.127797,2,3,False,2,EV1,-1,23.0,1,0,72
E.1.0.0,386257,PB,Z374104,L636,No Disponible,2024-04-19 19:54:42.096,2024-04-19 19:54:42.696,T,4.587978,-74.126025,2,3,False,2,EV1,-1,23.0,1,1,72
E.1.0.0,386290,PB,Z374104,L636,No Disponible,2024-04-19 20:00:43.566,2024-04-19 20:00:43.596,T,4.584556,-74.127711,2,3,False,2,EV1,-1,24.0,0,2,70
E.1.0.0,386296,PB,Z374104,L636,No Disponible,2024-04-19 20:01:39.116,2024-04-19 20:01:39.366,T,4.582169,-74.126725,2,3,False,2,EV1,-1,23.0,2,0,72
E.1.0.0,386362,PB,Z374104,L636,No Disponible,2024-04-19 20:15:13.910,2024-04-19 20:15:13.986,T,4.569542,-74.124058,2,3,False,2,EV1,-1,24.0,2,0,74
E.1.0.0,386371,PB,Z374104,L636,No Disponible,2024-04-19 20:16:42.166,2024-04-19 20:16:42.516,T,4.568078,-74.119275,2,3,False,2,EV1,-1,24.0,0,1,73
E.1.0.0,386381,PB,Z374104,L636,No Disponible,2024-04-19 20:18:28.126,2024-04-19 20:18:28.626,T,4.566603,-74.113711,2,3,False,2,EV1,-1,24.0,0,1,72
E.1.0.0,386390,PB,Z374104,L636,No Disponible,2024-04-19 20:19:42.026,2024-04-19 20:19:42.126,T,4.563717,-74.110422,2,3,False,2,EV1,-1,24.0,0,2,70
E.1.0.0,386406,PB,Z374104,L636,No Disponible,2024-04-19 20:22:28.656,2024-04-19 20:22:29.016,T,4.565300,-74.107800,2,3,False,2,EV1,-1,24.0,1,0,71
E.1.0.0,386426,PB,Z374104,L636,No Disponible,2024-04-19 20:26:24.076,2024-04-19 20:26:24.186,T,4.571825,-74.098092,2,3,False,2,EV1,-1,24.0,0,2,69
E.1.0.0,386437,PB,Z374104,L636,No Disponible,2024-04-19 20:28:08.696,2024-04-19 20:28:08.836,T,4.575003,-74.093892,2,3,False,2,EV1,-1,24.0,1,0,70
E.1.0.0,386473,PB,Z374104,L636,No Disponible,2024-04-19 20:35:38.296,2024-04-19 20:35:38.916,T,4.564992,-74.084467,2,3,False,2,EV1,-1,24.0,0,0,70
E.1.0.0,386516,PB,Z374104,H636,No Disponible,2024-04-19 20:44:25.285,2024-04-19 20:44:25.565,T,4.562708,-74.083667,2,3,False,2,EV1,-1,24.0,2,0,72
E.1.0.0,386527,PB,Z374104,H636,No Disponible,2024-04-19 20:46:34.525,2024-04-19 20:46:34.925,T,4.566317,-74.083364,2,3,False,2,EV1,-1,24.0,1,0,73
E.1.0.0,386553,PB,Z374104,H636,No Disponible,2024-04-19 20:51:36.430,2024-04-19 20:51:36.500,T,4.575450,-74.094036,2,3,False,2,EV1,-1,24.0,0,2,71
E.1.0.0,386580,PB,Z374104,H636,No Disponible,2024-04-19 20:56:50.166,2024-04-19 20:56:51.316,T,4.576278,-74.094425,2,3,False,2,EV1,-1,24.0,5,0,76
E.1.0.0,386594,PB,Z374104,H636,No Disponible,2024-04-19 20:58:45.896,2024-04-19 20:58:45.956,T,4.571206,-74.098958,2,3,False,2,EV1,-1,23.0,1,0,77
E.1.0.0,386612,PB,Z374104,H636,No Disponible,2024-04-19 21:02:03.306,2024-04-19 21:02:03.576,T,4.566592,-74.103092,2,3,False,2,EV1,-1,24.0,3,0,80
E.1.0.0,386635,PB,Z374104,H636,No Disponible,2024-04-19 21:06:36.489,2024-04-19 21:06:36.706,T,4.565444,-74.107617,2,3,False,2,EV1,-1,24.0,0,2,78
E.1.0.0,386652,PB,Z374104,H636,No Disponible,2024-04-19 21:09:24.366,2024-04-19 21:09:24.536,T,4.564172,-74.110972,2,3,False,2,EV1,-1,24.0,0,1,77
E.1.0.0,386659,PB,Z374104,H636,No Disponible,2024-04-19 21:10:34.556,2024-04-19 21:10:34.936,T,4.566614,-74.113697,2,3,False,2,EV1,-1,24.0,0,2,75
E.1.0.0,386674,PB,Z374104,H636,No Disponible,2024-04-19 21:13:01.936,2024-04-19 21:13:02.016,T,4.571264,-74.123656,2,3,False,2,EV1,-1,24.0,1,0,76
E.1.0.0,386705,PB,Z374104,H636,No Disponible,2024-04-19 21:19:18.266,2024-04-19 21:19:18.406,T,4.575800,-74.126219,2,3,False,2,EV1,-1,24.0,0,1,75
E.1.0.0,386718,PB,Z374104,H636,No Disponible,2024-04-19 21:21:27.116,2024-04-19 21:21:27.416,T,4.577378,-74.129011,2,3,False,2,EV1,-1,24.0,1,0,76
E.1.0.0,386770,PB,Z374104,H636,No Disponible,2024-04-19 21:32:06.556,2024-04-19 21:32:06.736,T,4.593192,-74.126628,2,3,False,2,EV1,-1,24.0,0,1,75
E.1.0.0,386805,PB,Z374104,H636,No Disponible,2024-04-19 21:39:13.296,2024-04-19 21:39:13.566,T,4.592208,-74.138367,2,3,False,2,EV1,-1,24.0,0,1,74
E.1.0.0,386860,PB,Z374104,TAP,No Disponible,2024-04-19 21:50:22.497,2024-04-19 21:50:23.007,T,4.588506,-74.148736,2,3,False,2,EV1,-1,24.0,1,1,74
E.1.0.0,386993,PB,Z374104,TAP,No Disponible,2024-04-19 22:18:47.433,2024-04-19 22:18:47.653,T,4.592681,-74.181628,2,3,False,2,EV1,-1,22.0,-1,-1,-1
