versionTrama,idRegistro,idOperador,idVehiculo,idRuta,idConductor,fechaHoraLecturaDato,fechaHoraEnvioDato,tipoBus,latitud,longitud,tipoTrama,tecnologiaMotor,tramaRetransmitida,tipoFreno,codigoEvento,peso,temperaturaCabina,estimacionOcupacionSuben,estimacionOcupacionBajan,estimacionOcupacionAbordo
E.1.0.0,22891,PB,Z374104,A601,No Disponible,2024-04-24 03:34:27.098,2024-04-24 03:34:28.317,T,4.592592,-74.181578,2,3,False,2,EV1,-1,21.0,-1,-1,-1
E.1.0.0,22922,PB,Z374104,A601,No Disponible,2024-04-24 03:39:34.617,2024-04-24 03:39:34.877,T,4.592608,-74.180964,2,3,False,2,EV1,-1,21.0,-1,-1,-1
E.1.0.0,22978,PB,Z374104,A601,No Disponible,2024-04-24 03:50:21.376,2024-04-24 03:50:21.648,T,4.592608,-74.180964,2,3,False,2,EV1,-1,22.0,-1,-1,-1
E.1.0.0,23050,PB,Z374104,A601,No Disponible,2024-04-24 04:04:23.145,2024-04-24 04:04:23.205,T,4.587344,-74.176942,2,3,False,2,EV1,-1,23.0,1,0,1
E.1.0.0,23061,PB,Z374104,A601,No Disponible,2024-04-24 04:06:00.286,2024-04-24 04:06:00.427,T,4.587761,-74.172761,2,3,False,2,EV1,-1,23.0,1,0,2
E.1.0.0,23075,PB,Z374104,A601,No Disponible,2024-04-24 04:08:37.456,2024-04-24 04:08:37.676,T,4.586850,-74.168144,2,3,False,2,EV1,-1,23.0,4,0,6
E.1.0.0,23086,PB,Z374104,A601,No Disponible,2024-04-24 04:10:17.746,2024-04-24 04:10:18.036,T,4.589281,-74.167250,2,3,False,2,EV1,-1,23.0,3,0,9
E.1.0.0,23093,PB,Z374104,A601,No Disponible,2024-04-24 04:11:07.795,2024-04-24 04:11:09.775,T,4.592131,-74.167267,2,3,False,2,EV1,-1,23.0,1,0,10
E.1.0.0,23101,PB,Z374104,A601,No Disponible,2024-04-24 04:12:04.485,2024-04-24 04:12:04.535,T,4.594328,-74.167244,2,3,False,2,EV1,-1,23.0,0,1,9
E.1.0.0,23122,PB,Z374104,A601,No Disponible,2024-04-24 04:16:13.466,2024-04-24 04:16:13.646,T,4.599642,-74.160692,2,3,False,2,EV1,-1,23.0,1,0,10
E.1.0.0,23149,PB,Z374104,A601,No Disponible,2024-04-24 04:21:29.366,2024-04-24 04:21:29.396,T,4.595142,-74.148875,2,3,False,2,EV1,-1,23.0,0,1,9
E.1.0.0,23158,PB,Z374104,A601,No Disponible,2024-04-24 04:22:57.686,2024-04-24 04:22:57.956,T,4.595433,-74.142303,2,3,False,2,EV1,-1,23.0,0,1,8
E.1.0.0,23207,PB,Z374104,A601,No Disponible,2024-04-24 04:33:14.475,2024-04-24 04:33:14.845,T,4.590336,-74.107769,2,3,False,2,EV1,-1,24.0,1,0,9
E.1.0.0,23234,PB,Z374104,A601,No Disponible,2024-04-24 04:38:57.575,2024-04-24 04:38:57.785,T,4.593006,-74.092531,2,3,False,2,EV1,-1,24.0,0,0,9
E.1.0.0,23263,PB,Z374104,A601,No Disponible,2024-04-24 04:44:42.291,2024-04-24 04:44:42.471,T,4.598811,-74.078669,2,3,False,2,EV1,-1,24.0,1,0,10
E.1.0.0,23273,PB,Z374104,A601,No Disponible,2024-04-24 04:46:18.236,2024-04-24 04:46:18.326,T,4.601511,-74.076911,2,3,False,2,EV1,-1,24.0,1,1,10
E.1.0.0,23287,PB,Z374104,A601,No Disponible,2024-04-24 04:48:57.596,2024-04-24 04:48:57.706,T,4.605825,-74.074272,2,3,False,2,EV1,-1,23.0,2,0,12
E.1.0.0,23302,PB,Z374104,A601,No Disponible,2024-04-24 04:51:09.576,2024-04-24 04:51:09.836,T,4.611619,-74.070944,2,3,False,2,EV1,-1,24.0,0,1,11
E.1.0.0,23316,PB,Z374104,A601,No Disponible,2024-04-24 04:53:48.656,2024-04-24 04:53:48.976,T,4.622925,-74.066442,2,3,False,2,EV1,-1,24.0,0,1,10
E.1.0.0,23330,PB,Z374104,A601,No Disponible,2024-04-24 04:56:06.446,2024-04-24 04:56:06.766,T,4.630869,-74.064297,2,3,False,2,EV1,-1,24.0,0,0,10
E.1.0.0,23340,PB,Z374104,A601,No Disponible,2024-04-24 04:57:49.526,2024-04-24 04:57:49.576,T,4.635536,-74.063667,2,3,False,2,EV1,-1,24.0,0,0,10
E.1.0.0,23359,PB,Z374104,A601,No Disponible,2024-04-24 05:01:32.245,2024-04-24 05:01:33.175,T,4.646975,-74.060111,2,3,False,2,EV1,-1,24.0,0,2,8
E.1.0.0,23368,PB,Z374104,A601,No Disponible,2024-04-24 05:02:52.545,2024-04-24 05:02:52.655,T,4.648444,-74.059400,2,3,False,2,EV1,-1,24.0,0,1,7
E.1.0.0,23391,PB,Z374104,A601,No Disponible,2024-04-24 05:06:32.605,2024-04-24 05:06:32.756,T,4.651511,-74.059389,2,3,False,2,EV1,-1,24.0,1,3,5
E.1.0.0,23445,PB,Z374104,H601,No Disponible,2024-04-24 05:17:30.836,2024-04-24 05:17:31.066,T,4.625856,-74.067478,2,3,False,2,EV1,-1,25.0,0,0,5
E.1.0.0,23471,PB,Z374104,H601,No Disponible,2024-04-24 05:22:28.246,2024-04-24 05:22:28.856,T,4.607669,-74.073500,2,3,False,2,EV1,-1,25.0,2,0,7
E.1.0.0,23513,PB,Z374104,H601,No Disponible,2024-04-24 05:30:55.328,2024-04-24 05:30:55.737,T,4.592767,-74.091344,2,3,False,2,EV1,-1,25.0,0,0,7
E.1.0.0,23539,PB,Z374104,H601,No Disponible,2024-04-24 05:35:52.115,2024-04-24 05:35:52.135,T,4.593017,-74.105175,2,3,False,2,EV1,-1,25.0,2,0,9
E.1.0.0,23554,PB,Z374104,H601,No Disponible,2024-04-24 05:38:26.114,2024-04-24 05:38:26.414,T,4.588836,-74.111594,2,3,False,2,EV1,-1,25.0,1,0,10
E.1.0.0,23567,PB,Z374104,H601,No Disponible,2024-04-24 05:40:56.714,2024-04-24 05:40:56.784,T,4.590192,-74.124717,2,3,False,2,EV1,-1,25.0,1,0,11
E.1.0.0,23583,PB,Z374104,H601,No Disponible,2024-04-24 05:43:20.796,2024-04-24 05:43:20.976,T,4.593808,-74.130517,2,3,False,2,EV1,-1,25.0,0,1,10
E.1.0.0,23591,PB,Z374104,H601,No Disponible,2024-04-24 05:44:24.346,2024-04-24 05:44:24.956,T,4.594522,-74.134672,2,3,False,2,EV1,-1,25.0,0,1,9
E.1.0.0,23600,PB,Z374104,H601,No Disponible,2024-04-24 05:45:54.996,2024-04-24 05:45:55.346,T,4.595781,-74.142025,2,3,False,2,EV1,-1,25.0,0,0,9
E.1.0.0,23607,PB,Z374104,H601,No Disponible,2024-04-24 05:46:43.776,2024-04-24 05:46:44.156,T,4.595414,-74.144650,2,3,False,2,EV1,-1,25.0,1,0,10
E.1.0.0,23630,PB,Z374104,H601,No Disponible,2024-04-24 05:51:00.296,2024-04-24 05:51:00.366,T,4.596356,-74.153344,2,3,False,2,EV1,-1,25.0,0,1,9
E.1.0.0,23702,PB,Z374104,H601,No Disponible,2024-04-24 06:06:29.146,2024-04-24 06:06:29.286,T,4.594642,-74.176728,2,3,False,2,EV1,-1,26.0,0,0,9
E.1.0.0,23716,PB,Z374104,H601,No Disponible,2024-04-24 06:08:50.296,2024-04-24 06:08:50.506,T,4.592400,-74.180433,2,3,False,2,EV1,-1,25.0,0,0,9
E.1.0.0,23908,PB,Z374104,A601,No Disponible,2024-04-24 06:52:02.567,2024-04-24 06:52:03.117,T,4.590094,-74.180931,2,3,False,2,EV1,-1,27.0,1,0,1
E.1.0.0,23928,PB,Z374104,A601,No Disponible,2024-04-24 06:55:55.816,2024-04-24 06:55:56.776,T,4.587433,-74.174906,2,3,False,2,EV1,-1,27.0,1,0,2
E.1.0.0,23939,PB,Z374104,A601,No Disponible,2024-04-24 06:57:36.226,2024-04-24 06:57:36.266,T,4.587794,-74.172764,2,3,False,2,EV1,-1,27.0,5,0,7
E.1.0.0,23956,PB,Z374104,A601,No Disponible,2024-04-24 07:00:30.416,2024-04-24 07:00:30.836,T,4.586975,-74.167806,2,3,False,2,EV1,-1,26.0,4,0,11
E.1.0.0,23972,PB,Z374104,A601,No Disponible,2024-04-24 07:03:17.106,2024-04-24 07:03:17.196,T,4.589578,-74.167297,2,3,False,2,EV1,-1,26.0,3,0,14
E.1.0.0,23982,PB,Z374104,A601,No Disponible,2024-04-24 07:04:48.646,2024-04-24 07:04:48.726,T,4.594328,-74.167292,2,3,False,2,EV1,-1,26.0,0,1,13
E.1.0.0,24003,PB,Z374104,A601,No Disponible,2024-04-24 07:08:55.796,2024-04-24 07:08:55.806,T,4.597361,-74.162031,2,3,False,2,EV1,-1,26.0,0,1,12
E.1.0.0,24014,PB,Z374104,A601,No Disponible,2024-04-24 07:10:33.536,2024-04-24 07:10:33.556,T,4.599628,-74.160711,2,3,False,2,EV1,-1,26.0,1,0,13
E.1.0.0,24022,PB,Z374104,A601,No Disponible,2024-04-24 07:11:26.776,2024-04-24 07:11:26.866,T,4.599717,-74.158681,2,3,False,2,EV1,-1,26.0,1,0,14
E.1.0.0,24028,PB,Z374104,A601,No Disponible,2024-04-24 07:12:03.556,2024-04-24 07:12:03.646,T,4.599750,-74.157644,2,3,False,2,EV1,-1,26.0,1,0,15
E.1.0.0,24069,PB,Z374104,A601,No Disponible,2024-04-24 07:20:17.518,2024-04-24 07:20:17.788,T,4.595092,-74.148528,2,3,False,2,EV1,-1,26.0,0,1,14
E.1.0.0,24079,PB,Z374104,A601,No Disponible,2024-04-24 07:21:49.618,2024-04-24 07:21:49.688,T,4.595153,-74.144981,2,3,False,2,EV1,-1,26.0,3,0,17
E.1.0.0,24089,PB,Z374104,A601,No Disponible,2024-04-24 07:23:13.288,2024-04-24 07:23:13.378,T,4.595381,-74.142936,2,3,False,2,EV1,-1,27.0,3,0,20
E.1.0.0,24150,PB,Z374104,A601,No Disponible,2024-04-24 07:35:57.622,2024-04-24 07:35:58.402,T,4.594111,-74.134317,2,3,False,2,EV1,-1,27.0,4,0,24
E.1.0.0,24162,PB,Z374104,A601,No Disponible,2024-04-24 07:37:41.812,2024-04-24 07:37:41.973,T,4.592561,-74.128103,2,3,False,2,EV1,-1,27.0,6,0,30
E.1.0.0,24174,PB,Z374104,A601,No Disponible,2024-04-24 07:39:42.436,2024-04-24 07:39:42.626,T,4.589811,-74.124503,2,3,False,2,EV1,-1,27.0,4,0,34
E.1.0.0,24182,PB,Z374104,A601,No Disponible,2024-04-24 07:40:52.246,2024-04-24 07:40:52.556,T,4.589136,-74.119869,2,3,False,2,EV1,-1,27.0,0,0,34
E.1.0.0,24194,PB,Z374104,A601,No Disponible,2024-04-24 07:42:55.636,2024-04-24 07:42:55.886,T,4.588353,-74.116353,2,3,False,2,EV1,-1,27.0,4,0,38
E.1.0.0,24210,PB,Z374104,A601,No Disponible,2024-04-24 07:45:23.626,2024-04-24 07:45:23.656,T,4.588700,-74.111850,2,3,False,2,EV1,-1,27.0,2,0,40
E.1.0.0,24236,PB,Z374104,A601,No Disponible,2024-04-24 07:50:09.016,2024-04-24 07:50:09.666,T,4.589867,-74.108303,2,3,False,2,EV1,-1,28.0,0,1,39
E.1.0.0,24267,PB,Z374104,A601,No Disponible,2024-04-24 07:56:26.146,2024-04-24 07:56:26.166,T,4.594608,-74.098169,2,3,False,2,EV1,-1,28.0,2,1,40
E.1.0.0,24288,PB,Z374104,A601,No Disponible,2024-04-24 08:00:16.026,2024-04-24 08:00:16.276,T,4.593592,-74.094703,2,3,False,2,EV1,-1,28.0,0,1,39
E.1.0.0,24297,PB,Z374104,A601,No Disponible,2024-04-24 08:01:38.256,2024-04-24 08:01:38.496,T,4.592200,-74.089944,2,3,False,2,EV1,-1,28.0,0,2,37
E.1.0.0,24306,PB,Z374104,A601,No Disponible,2024-04-24 08:02:51.376,2024-04-24 08:02:51.476,T,4.590508,-74.086908,2,3,False,2,EV1,-1,28.0,0,1,36
E.1.0.0,24312,PB,Z374104,A601,No Disponible,2024-04-24 08:03:28.156,2024-04-24 08:03:28.286,T,4.589539,-74.085281,2,3,False,2,EV1,-1,28.0,0,0,36
E.1.0.0,24340,PB,Z374104,A601,No Disponible,2024-04-24 08:08:43.726,2024-04-24 08:08:44.146,T,4.593444,-74.082047,2,3,False,2,EV1,-1,28.0,0,1,35
E.1.0.0,24364,PB,Z374104,A601,No Disponible,2024-04-24 08:13:10.796,2024-04-24 08:13:11.266,T,4.596311,-74.080228,2,3,False,2,EV1,-1,28.0,0,1,34
E.1.0.0,24384,PB,Z374104,A601,No Disponible,2024-04-24 08:16:49.116,2024-04-24 08:16:49.286,T,4.598869,-74.078675,2,3,False,2,EV1,-1,28.0,0,10,24
E.1.0.0,24403,PB,Z374104,A601,No Disponible,2024-04-24 08:20:09.766,2024-04-24 08:20:10.006,T,4.604178,-74.075325,2,3,False,2,EV1,-1,27.0,0,3,21
E.1.0.0,24451,PB,Z374104,A601,No Disponible,2024-04-24 08:30:17.810,2024-04-24 08:30:18.810,T,4.608878,-74.072556,2,3,False,2,EV1,-1,27.0,1,0,22
E.1.0.0,24494,PB,Z374104,A601,No Disponible,2024-04-24 08:38:34.515,2024-04-24 08:38:34.966,T,4.619003,-74.068000,2,3,False,2,EV1,-1,27.0,0,1,21
E.1.0.0,24515,PB,Z374104,A601,No Disponible,2024-04-24 08:42:31.326,2024-04-24 08:42:31.936,T,4.627689,-74.065272,2,3,False,2,EV1,-1,27.0,0,0,21
E.1.0.0,24535,PB,Z374104,A601,No Disponible,2024-04-24 08:46:18.557,2024-04-24 08:46:19.167,T,4.633461,-74.063778,2,3,False,2,EV1,-1,27.0,0,1,20
E.1.0.0,24556,PB,Z374104,A601,No Disponible,2024-04-24 08:50:00.626,2024-04-24 08:50:00.687,T,4.642633,-74.061989,2,3,False,2,EV1,-1,28.0,0,0,20
E.1.0.0,24574,PB,Z374104,A601,No Disponible,2024-04-24 08:53:36.784,2024-04-24 08:53:37.245,T,4.648589,-74.058094,2,3,False,2,EV1,-1,28.0,0,1,19
E.1.0.0,24582,PB,Z374104,A601,No Disponible,2024-04-24 08:54:24.276,2024-04-24 08:54:24.355,T,4.649514,-74.057253,2,3,False,2,EV1,-1,28.0,0,1,18
E.1.0.0,24641,PB,Z374104,H601,No Disponible,2024-04-24 09:05:48.675,2024-04-24 09:05:48.885,T,4.644411,-74.064397,2,3,False,2,EV1,-1,28.0,1,0,19
E.1.0.0,24651,PB,Z374104,H601,No Disponible,2024-04-24 09:07:01.757,2024-04-24 09:07:02.026,T,4.641939,-74.064817,2,3,False,2,EV1,-1,28.0,3,0,22
E.1.0.0,24684,PB,Z374104,H601,No Disponible,2024-04-24 09:13:42.786,2024-04-24 09:13:43.136,T,4.626528,-74.067375,2,3,False,2,EV1,-1,28.0,2,0,24
E.1.0.0,24709,PB,Z374104,H601,No Disponible,2024-04-24 09:18:55.022,2024-04-24 09:18:55.061,T,4.614967,-74.070392,2,3,False,2,EV1,-1,28.0,0,0,24
E.1.0.0,24743,PB,Z374104,H601,No Disponible,2024-04-24 09:25:37.468,2024-04-24 09:25:37.947,T,4.603528,-74.075964,2,3,False,2,EV1,-1,28.0,0,3,21
E.1.0.0,24810,PB,Z374104,H601,No Disponible,2024-04-24 09:39:22.326,2024-04-24 09:39:22.496,T,4.593478,-74.093856,2,3,False,2,EV1,-1,28.0,2,1,22
E.1.0.0,24844,PB,Z374104,H601,No Disponible,2024-04-24 09:46:21.046,2024-04-24 09:46:21.256,T,4.589344,-74.109058,2,3,False,2,EV1,-1,28.0,1,0,23
E.1.0.0,24853,PB,Z374104,H601,No Disponible,2024-04-24 09:47:57.186,2024-04-24 09:47:57.296,T,4.588675,-74.114097,2,3,False,2,EV1,-1,28.0,2,0,25
E.1.0.0,24864,PB,Z374104,H601,No Disponible,2024-04-24 09:49:38.136,2024-04-24 09:49:38.266,T,4.588650,-74.117064,2,3,False,2,EV1,-1,29.0,0,1,24
E.1.0.0,24877,PB,Z374104,H601,No Disponible,2024-04-24 09:51:50.866,2024-04-24 09:51:51.036,T,4.590153,-74.124708,2,3,False,2,EV1,-1,29.0,1,0,25
E.1.0.0,24883,PB,Z374104,H601,No Disponible,2024-04-24 09:52:32.076,2024-04-24 09:52:32.228,T,4.591622,-74.126589,2,3,False,2,EV1,-1,29.0,0,1,24
E.1.0.0,24899,PB,Z374104,H601,No Disponible,2024-04-24 09:55:26.756,2024-04-24 09:55:26.916,T,4.594553,-74.134844,2,3,False,2,EV1,-1,29.0,1,0,25
E.1.0.0,24911,PB,Z374104,H601,No Disponible,2024-04-24 09:57:31.506,2024-04-24 09:57:32.566,T,4.595475,-74.144461,2,3,False,2,EV1,-1,29.0,2,0,27
E.1.0.0,24920,PB,Z374104,H601,No Disponible,2024-04-24 09:58:55.696,2024-04-24 09:58:55.796,T,4.595353,-74.148153,2,3,False,2,EV1,-1,29.0,3,0,30
E.1.0.0,24936,PB,Z374104,H601,No Disponible,2024-04-24 10:01:55.616,2024-04-24 10:01:56.746,T,4.596444,-74.153433,2,3,False,2,EV1,-1,29.0,2,0,32
E.1.0.0,24946,PB,Z374104,H601,No Disponible,2024-04-24 10:03:10.146,2024-04-24 10:03:10.756,T,4.599703,-74.154364,2,3,False,2,EV1,-1,29.0,2,0,34
E.1.0.0,24955,PB,Z374104,H601,No Disponible,2024-04-24 10:04:25.426,2024-04-24 10:04:25.536,T,4.599869,-74.157906,2,3,False,2,EV1,-1,29.0,0,2,32
E.1.0.0,24964,PB,Z374104,H601,No Disponible,2024-04-24 10:05:46.776,2024-04-24 10:05:46.936,T,4.599797,-74.160922,2,3,False,2,EV1,-1,29.0,0,2,30
E.1.0.0,25036,PB,Z374104,H601,No Disponible,2024-04-24 10:19:51.666,2024-04-24 10:19:51.937,T,4.589178,-74.162578,2,3,False,2,EV1,-1,29.0,1,2,29
E.1.0.0,25051,PB,Z374104,H601,No Disponible,2024-04-24 10:22:35.426,2024-04-24 10:22:35.666,T,4.588214,-74.165692,2,3,False,2,EV1,-1,30.0,0,2,27
E.1.0.0,25067,PB,Z374104,H601,No Disponible,2024-04-24 10:25:37.546,2024-04-24 10:25:37.636,T,4.587269,-74.170611,2,3,False,2,EV1,-1,30.0,0,1,26
E.1.0.0,25075,PB,Z374104,H601,No Disponible,2024-04-24 10:26:31.466,2024-04-24 10:26:31.737,T,4.588286,-74.172733,2,3,False,2,EV1,-1,29.0,0,1,25
E.1.0.0,25096,PB,Z374104,DES,No Disponible,2024-04-24 10:30:00.456,2024-04-24 10:30:01.067,T,4.594528,-74.174444,2,3,False,2,EV1,-1,29.0,0,0,25
E.1.0.0,25141,PB,Z374104,A601,No Disponible,2024-04-24 10:39:00.306,2024-04-24 10:39:00.506,T,4.592658,-74.181067,2,3,False,2,EV1,-1,29.0,-1,-1,-1
E.1.0.0,25179,PB,Z374104,A601,No Disponible,2024-04-24 10:46:15.213,2024-04-24 10:46:15.573,T,4.587325,-74.176964,2,3,False,2,EV1,-1,30.0,6,0,6
E.1.0.0,25188,PB,Z374104,A601,No Disponible,2024-04-24 10:47:22.563,2024-04-24 10:47:22.713,T,4.587461,-74.175044,2,3,False,2,EV1,-1,31.0,1,0,7
E.1.0.0,25196,PB,Z374104,A601,No Disponible,2024-04-24 10:48:32.504,2024-04-24 10:48:32.744,T,4.587808,-74.172678,2,3,False,2,EV1,-1,31.0,5,0,12
E.1.0.0,25212,PB,Z374104,A601,No Disponible,2024-04-24 10:51:03.654,2024-04-24 10:51:04.274,T,4.587036,-74.167619,2,3,False,2,EV1,-1,31.0,9,0,21
E.1.0.0,25226,PB,Z374104,A601,No Disponible,2024-04-24 10:53:21.236,2024-04-24 10:53:21.726,T,4.589244,-74.167286,2,3,False,2,EV1,-1,31.0,4,0,25
E.1.0.0,25233,PB,Z374104,A601,No Disponible,2024-04-24 10:54:11.356,2024-04-24 10:54:11.936,T,4.592261,-74.167275,2,3,False,2,EV1,-1,31.0,0,0,25
E.1.0.0,25246,PB,Z374104,A601,No Disponible,2024-04-24 10:56:28.546,2024-04-24 10:56:28.766,T,4.595611,-74.166061,2,3,False,2,EV1,-1,32.0,0,1,24
E.1.0.0,25260,PB,Z374104,A601,No Disponible,2024-04-24 10:58:51.246,2024-04-24 10:58:51.746,T,4.597875,-74.162092,2,3,False,2,EV1,-1,32.0,0,2,22
E.1.0.0,25275,PB,Z374104,A601,No Disponible,2024-04-24 11:01:03.446,2024-04-24 11:01:03.676,T,4.599639,-74.160783,2,3,False,2,EV1,-1,32.0,5,2,25
E.1.0.0,25280,PB,Z374104,A601,No Disponible,2024-04-24 11:01:50.406,2024-04-24 11:01:50.786,T,4.599753,-74.158631,2,3,False,2,EV1,-1,32.0,0,1,24
E.1.0.0,25295,PB,Z374104,A601,No Disponible,2024-04-24 11:04:16.476,2024-04-24 11:04:17.006,T,4.598658,-74.154178,2,3,False,2,EV1,-1,32.0,1,2,23
E.1.0.0,25313,PB,Z374104,A601,No Disponible,2024-04-24 11:07:36.696,2024-04-24 11:07:36.976,T,4.595111,-74.148506,2,3,False,2,EV1,-1,33.0,1,0,24
E.1.0.0,25326,PB,Z374104,A601,No Disponible,2024-04-24 11:09:48.056,2024-04-24 11:09:48.436,T,4.595269,-74.144494,2,3,False,2,EV1,-1,33.0,5,3,26
E.1.0.0,25333,PB,Z374104,A601,No Disponible,2024-04-24 11:10:32.666,2024-04-24 11:10:32.976,T,4.595478,-74.142253,2,3,False,2,EV1,-1,33.0,2,0,28
E.1.0.0,25373,PB,Z374104,A601,No Disponible,2024-04-24 11:18:36.213,2024-04-24 11:18:36.243,T,4.594211,-74.134842,2,3,False,2,EV1,-1,32.0,5,1,32
E.1.0.0,25384,PB,Z374104,A601,No Disponible,2024-04-24 11:20:06.203,2024-04-24 11:20:06.813,T,4.592500,-74.127933,2,3,False,2,EV1,-1,33.0,0,2,30
E.1.0.0,25393,PB,Z374104,A601,No Disponible,2024-04-24 11:21:20.705,2024-04-24 11:21:21.164,T,4.590881,-74.125867,2,3,False,2,EV1,-1,33.0,0,0,30
E.1.0.0,25400,PB,Z374104,A601,No Disponible,2024-04-24 11:22:12.303,2024-04-24 11:22:12.693,T,4.589772,-74.124367,2,3,False,2,EV1,-1,33.0,3,1,32
E.1.0.0,25414,PB,Z374104,A601,No Disponible,2024-04-24 11:24:52.346,2024-04-24 11:24:52.366,T,4.588361,-74.116308,2,3,False,2,EV1,-1,33.0,5,1,36
E.1.0.0,25429,PB,Z374104,A601,No Disponible,2024-04-24 11:27:16.216,2024-04-24 11:27:16.576,T,4.588644,-74.112367,2,3,False,2,EV1,-1,33.0,2,2,36
E.1.0.0,25444,PB,Z374104,A601,No Disponible,2024-04-24 11:29:56.316,2024-04-24 11:29:56.386,T,4.590086,-74.108078,2,3,False,2,EV1,-1,33.0,1,2,35
E.1.0.0,25463,PB,Z374104,A601,No Disponible,2024-04-24 11:33:04.316,2024-04-24 11:33:04.816,T,4.592775,-74.105278,2,3,False,2,EV1,-1,34.0,7,3,39
E.1.0.0,25471,PB,Z374104,A601,No Disponible,2024-04-24 11:34:03.446,2024-04-24 11:34:03.766,T,4.594050,-74.103881,2,3,False,2,EV1,-1,34.0,2,2,39
E.1.0.0,25479,PB,Z374104,A601,No Disponible,2024-04-24 11:35:01.366,2024-04-24 11:35:02.246,T,4.594942,-74.100103,2,3,False,2,EV1,-1,34.0,0,0,39
E.1.0.0,25486,PB,Z374104,A601,No Disponible,2024-04-24 11:35:59.066,2024-04-24 11:35:59.976,T,4.594583,-74.097931,2,3,False,2,EV1,-1,34.0,1,2,38
E.1.0.0,25507,PB,Z374104,A601,No Disponible,2024-04-24 11:39:32.546,2024-04-24 11:39:32.716,T,4.593172,-74.093092,2,3,False,2,EV1,-1,34.0,0,2,36
E.1.0.0,25516,PB,Z374104,A601,No Disponible,2024-04-24 11:40:45.026,2024-04-24 11:40:45.486,T,4.592250,-74.089994,2,3,False,2,EV1,-1,34.0,0,0,36
E.1.0.0,25522,PB,Z374104,A601,No Disponible,2024-04-24 11:41:39.286,2024-04-24 11:41:39.296,T,4.590503,-74.086833,2,3,False,2,EV1,-1,34.0,0,1,35
E.1.0.0,25529,PB,Z374104,A601,No Disponible,2024-04-24 11:42:19.256,2024-04-24 11:42:19.506,T,4.589578,-74.085317,2,3,False,2,EV1,-1,34.0,0,1,34
E.1.0.0,25541,PB,Z374104,A601,No Disponible,2024-04-24 11:44:12.285,2024-04-24 11:44:12.455,T,4.592131,-74.082894,2,3,False,2,EV1,-1,34.0,0,1,33
E.1.0.0,25565,PB,Z374104,A601,No Disponible,2024-04-24 11:48:46.435,2024-04-24 11:48:46.675,T,4.596144,-74.080319,2,3,False,2,EV1,-1,33.0,0,2,31
E.1.0.0,25573,PB,Z374104,A601,No Disponible,2024-04-24 11:49:48.376,2024-04-24 11:49:48.426,T,4.596144,-74.080319,2,3,False,2,EV1,-1,33.0,2,0,33
E.1.0.0,25598,PB,Z374104,A601,No Disponible,2024-04-24 11:54:53.276,2024-04-24 11:54:53.346,T,4.599006,-74.078533,2,3,False,2,EV1,-1,33.0,1,4,30
E.1.0.0,25606,PB,Z374104,A601,No Disponible,2024-04-24 11:55:51.406,2024-04-24 11:55:51.416,T,4.601453,-74.076989,2,3,False,2,EV1,-1,33.0,4,1,33
E.1.0.0,25617,PB,Z374104,A601,No Disponible,2024-04-24 11:57:22.476,2024-04-24 11:57:22.636,T,4.603714,-74.075569,2,3,False,2,EV1,-1,33.0,0,0,33
E.1.0.0,25625,PB,Z374104,A601,No Disponible,2024-04-24 11:58:26.686,2024-04-24 11:58:26.726,T,4.605778,-74.074325,2,3,False,2,EV1,-1,33.0,0,2,31
E.1.0.0,25640,PB,Z374104,A601,No Disponible,2024-04-24 12:01:11.446,2024-04-24 12:01:11.666,T,4.608142,-74.073006,2,3,False,2,EV1,-1,33.0,0,2,29
E.1.0.0,25648,PB,Z374104,A601,No Disponible,2024-04-24 12:02:04.036,2024-04-24 12:02:04.286,T,4.608142,-74.073006,2,3,False,2,EV1,-1,32.0,1,0,30
E.1.0.0,25665,PB,Z374104,A601,No Disponible,2024-04-24 12:05:01.057,2024-04-24 12:05:01.536,T,4.611800,-74.070853,2,3,False,2,EV1,-1,33.0,0,2,28
E.1.0.0,25670,PB,Z374104,A601,No Disponible,2024-04-24 12:05:36.706,2024-04-24 12:05:37.026,T,4.612972,-74.070100,2,3,False,2,EV1,-1,33.0,0,1,27
E.1.0.0,25690,PB,Z374104,A601,No Disponible,2024-04-24 12:09:09.496,2024-04-24 12:09:09.706,T,4.622897,-74.066483,2,3,False,2,EV1,-1,32.0,1,1,27
E.1.0.0,25700,PB,Z374104,A601,No Disponible,2024-04-24 12:10:05.376,2024-04-24 12:10:05.606,T,4.624686,-74.066028,2,3,False,2,EV1,-1,32.0,1,1,27
E.1.0.0,25709,PB,Z374104,A601,No Disponible,2024-04-24 12:11:27.196,2024-04-24 12:11:27.516,T,4.627686,-74.065253,2,3,False,2,EV1,-1,32.0,0,2,25
E.1.0.0,25717,PB,Z374104,A601,No Disponible,2024-04-24 12:12:31.266,2024-04-24 12:12:31.786,T,4.630561,-74.064417,2,3,False,2,EV1,-1,32.0,0,0,25
E.1.0.0,25730,PB,Z374104,A601,No Disponible,2024-04-24 12:14:44.546,2024-04-24 12:14:44.816,T,4.635769,-74.063653,2,3,False,2,EV1,-1,32.0,0,4,21
E.1.0.0,25749,PB,Z374104,A601,No Disponible,2024-04-24 12:18:02.734,2024-04-24 12:18:03.034,T,4.642939,-74.061906,2,3,False,2,EV1,-1,32.0,0,4,17
E.1.0.0,25753,PB,Z374104,A601,No Disponible,2024-04-24 12:18:36.874,2024-04-24 12:18:37.284,T,4.644306,-74.061536,2,3,False,2,EV1,-1,32.0,0,2,15
E.1.0.0,25780,PB,Z374104,H601,No Disponible,2024-04-24 12:23:57.616,2024-04-24 12:23:57.876,T,4.651439,-74.059331,2,3,False,2,EV1,-1,32.0,0,1,14
E.1.0.0,25792,PB,Z374104,H601,No Disponible,2024-04-24 12:25:52.786,2024-04-24 12:25:52.906,T,4.651578,-74.061994,2,3,False,2,EV1,-1,32.0,1,0,15
E.1.0.0,25807,PB,Z374104,H601,No Disponible,2024-04-24 12:28:28.156,2024-04-24 12:28:28.186,T,4.649689,-74.063511,2,3,False,2,EV1,-1,32.0,2,0,17
E.1.0.0,25816,PB,Z374104,H601,No Disponible,2024-04-24 12:29:49.096,2024-04-24 12:29:49.806,T,4.647836,-74.063792,2,3,False,2,EV1,-1,32.0,3,0,20
E.1.0.0,25827,PB,Z374104,H601,No Disponible,2024-04-24 12:31:28.496,2024-04-24 12:31:28.666,T,4.644969,-74.064283,2,3,False,2,EV1,-1,32.0,1,0,21
E.1.0.0,25842,PB,Z374104,H601,No Disponible,2024-04-24 12:34:16.036,2024-04-24 12:34:16.486,T,4.641650,-74.064808,2,3,False,2,EV1,-1,32.0,1,0,22
E.1.0.0,25858,PB,Z374104,H601,No Disponible,2024-04-24 12:37:09.456,2024-04-24 12:37:09.636,T,4.638486,-74.065383,2,3,False,2,EV1,-1,31.0,2,0,24
E.1.0.0,25876,PB,Z374104,H601,No Disponible,2024-04-24 12:40:33.656,2024-04-24 12:40:33.676,T,4.633083,-74.066292,2,3,False,2,EV1,-1,32.0,2,0,26
E.1.0.0,25882,PB,Z374104,H601,No Disponible,2024-04-24 12:41:12.266,2024-04-24 12:41:12.416,T,4.631217,-74.066589,2,3,False,2,EV1,-1,32.0,1,1,26
E.1.0.0,25894,PB,Z374104,H601,No Disponible,2024-04-24 12:43:15.266,2024-04-24 12:43:15.406,T,4.627811,-74.067158,2,3,False,2,EV1,-1,32.0,4,0,30
E.1.0.0,25902,PB,Z374104,H601,No Disponible,2024-04-24 12:44:07.476,2024-04-24 12:44:07.516,T,4.626006,-74.067444,2,3,False,2,EV1,-1,32.0,1,0,31
E.1.0.0,25915,PB,Z374104,H601,No Disponible,2024-04-24 12:46:12.400,2024-04-24 12:46:12.720,T,4.622328,-74.068056,2,3,False,2,EV1,-1,32.0,1,0,32
E.1.0.0,25923,PB,Z374104,H601,No Disponible,2024-04-24 12:47:19.290,2024-04-24 12:47:19.440,T,4.618850,-74.068672,2,3,False,2,EV1,-1,32.0,2,0,34
E.1.0.0,25935,PB,Z374104,H601,No Disponible,2024-04-24 12:49:01.390,2024-04-24 12:49:01.780,T,4.616336,-74.069261,2,3,False,2,EV1,-1,31.0,3,0,37
E.1.0.0,25943,PB,Z374104,H601,No Disponible,2024-04-24 12:50:18.130,2024-04-24 12:50:19.010,T,4.614850,-74.070594,2,3,False,2,EV1,-1,32.0,1,0,38
E.1.0.0,25959,PB,Z374104,H601,No Disponible,2024-04-24 12:52:47.795,2024-04-24 12:52:47.805,T,4.610142,-74.072044,2,3,False,2,EV1,-1,32.0,1,0,39
E.1.0.0,25964,PB,Z374104,H601,No Disponible,2024-04-24 12:53:12.445,2024-04-24 12:53:12.515,T,4.609542,-74.072367,2,3,False,2,EV1,-1,32.0,0,2,37
E.1.0.0,25974,PB,Z374104,H601,No Disponible,2024-04-24 12:54:46.615,2024-04-24 12:54:46.625,T,4.607650,-74.073539,2,3,False,2,EV1,-1,32.0,1,0,38
E.1.0.0,25985,PB,Z374104,H601,No Disponible,2024-04-24 12:56:20.576,2024-04-24 12:56:21.246,T,4.605683,-74.074733,2,3,False,2,EV1,-1,32.0,2,2,38
E.1.0.0,26006,PB,Z374104,H601,No Disponible,2024-04-24 13:00:28.954,2024-04-24 13:00:28.956,T,4.604044,-74.075644,2,3,False,2,EV1,-1,32.0,1,2,37
E.1.0.0,26039,PB,Z374104,H601,No Disponible,2024-04-24 13:06:46.406,2024-04-24 13:06:46.816,T,4.601089,-74.077525,2,3,False,2,EV1,-1,32.0,4,0,41
E.1.0.0,26064,PB,Z374104,H601,No Disponible,2024-04-24 13:11:32.735,2024-04-24 13:11:33.265,T,4.598550,-74.079108,2,3,False,2,EV1,-1,32.0,3,1,43
E.1.0.0,26093,PB,Z374104,H601,No Disponible,2024-04-24 13:17:10.186,2024-04-24 13:17:10.316,T,4.591419,-74.088128,2,3,False,2,EV1,-1,33.0,1,2,42
E.1.0.0,26105,PB,Z374104,H601,No Disponible,2024-04-24 13:19:19.196,2024-04-24 13:19:19.816,T,4.592853,-74.091625,2,3,False,2,EV1,-1,33.0,2,0,44
E.1.0.0,26113,PB,Z374104,H601,No Disponible,2024-04-24 13:20:08.426,2024-04-24 13:20:08.686,T,4.593450,-74.093675,2,3,False,2,EV1,-1,33.0,2,0,46
E.1.0.0,26136,PB,Z374104,H601,No Disponible,2024-04-24 13:24:53.496,2024-04-24 13:24:53.556,T,4.594978,-74.102094,2,3,False,2,EV1,-1,34.0,2,1,47
E.1.0.0,26147,PB,Z374104,H601,No Disponible,2024-04-24 13:26:23.666,2024-04-24 13:26:24.166,T,4.593097,-74.105133,2,3,False,2,EV1,-1,34.0,1,3,45
E.1.0.0,26159,PB,Z374104,H601,No Disponible,2024-04-24 13:28:30.765,2024-04-24 13:28:31.096,T,4.591014,-74.107286,2,3,False,2,EV1,-1,34.0,0,0,45
E.1.0.0,26168,PB,Z374104,H601,No Disponible,2024-04-24 13:29:58.406,2024-04-24 13:29:58.835,T,4.589672,-74.108722,2,3,False,2,EV1,-1,34.0,2,0,47
E.1.0.0,26188,PB,Z374104,H601,No Disponible,2024-04-24 13:33:58.276,2024-04-24 13:33:58.546,T,4.588656,-74.117058,2,3,False,2,EV1,-1,35.0,0,1,46
E.1.0.0,26199,PB,Z374104,H601,No Disponible,2024-04-24 13:35:29.786,2024-04-24 13:35:29.946,T,4.590078,-74.124214,2,3,False,2,EV1,-1,35.0,0,1,45
E.1.0.0,26220,PB,Z374104,H601,No Disponible,2024-04-24 13:39:36.516,2024-04-24 13:39:36.986,T,4.594547,-74.134628,2,3,False,2,EV1,-1,35.0,2,1,46
E.1.0.0,26232,PB,Z374104,H601,No Disponible,2024-04-24 13:41:26.126,2024-04-24 13:41:26.436,T,4.595767,-74.142222,2,3,False,2,EV1,-1,35.0,2,4,44
E.1.0.0,26238,PB,Z374104,H601,No Disponible,2024-04-24 13:42:04.246,2024-04-24 13:42:04.656,T,4.595542,-74.144131,2,3,False,2,EV1,-1,35.0,0,1,43
E.1.0.0,26252,PB,Z374104,H601,No Disponible,2024-04-24 13:44:56.606,2024-04-24 13:44:56.686,T,4.596483,-74.153486,2,3,False,2,EV1,-1,36.0,2,0,45
E.1.0.0,26266,PB,Z374104,H601,No Disponible,2024-04-24 13:47:00.736,2024-04-24 13:47:01.186,T,4.599722,-74.154367,2,3,False,2,EV1,-1,35.0,3,0,48
E.1.0.0,26275,PB,Z374104,H601,No Disponible,2024-04-24 13:48:33.264,2024-04-24 13:48:33.524,T,4.599928,-74.157497,2,3,False,2,EV1,-1,35.0,0,1,47
E.1.0.0,26283,PB,Z374104,H601,No Disponible,2024-04-24 13:49:24.694,2024-04-24 13:49:25.184,T,4.599867,-74.159294,2,3,False,2,EV1,-1,35.0,0,2,45
E.1.0.0,26300,PB,Z374104,H601,No Disponible,2024-04-24 13:52:23.026,2024-04-24 13:52:23.636,T,4.597533,-74.162239,2,3,False,2,EV1,-1,36.0,0,0,45
E.1.0.0,26311,PB,Z374104,H601,No Disponible,2024-04-24 13:54:16.276,2024-04-24 13:54:16.366,T,4.590683,-74.161486,2,3,False,2,EV1,-1,36.0,0,4,41
E.1.0.0,26325,PB,Z374104,H601,No Disponible,2024-04-24 13:56:37.496,2024-04-24 13:56:37.676,T,4.589167,-74.162617,2,3,False,2,EV1,-1,36.0,0,4,37
E.1.0.0,26336,PB,Z374104,H601,No Disponible,2024-04-24 13:58:11.236,2024-04-24 13:58:11.426,T,4.588422,-74.165044,2,3,False,2,EV1,-1,36.0,0,3,34
E.1.0.0,26350,PB,Z374104,H601,No Disponible,2024-04-24 14:00:28.076,2024-04-24 14:00:28.566,T,4.587456,-74.168133,2,3,False,2,EV1,-1,37.0,0,1,33
E.1.0.0,26368,PB,Z374104,H601,No Disponible,2024-04-24 14:03:16.416,2024-04-24 14:03:16.666,T,4.588183,-74.172653,2,3,False,2,EV1,-1,36.0,0,6,27
E.1.0.0,26387,PB,Z374104,H601,No Disponible,2024-04-24 14:06:36.216,2024-04-24 14:06:36.476,T,4.592164,-74.175303,2,3,False,2,EV1,-1,37.0,0,1,26
E.1.0.0,26404,PB,Z374104,H601,No Disponible,2024-04-24 14:09:37.776,2024-04-24 14:09:38.456,T,4.593958,-74.178556,2,3,False,2,EV1,-1,37.0,0,0,26
E.1.0.0,26413,PB,Z374104,H601,No Disponible,2024-04-24 14:10:46.756,2024-04-24 14:10:47.626,T,4.592544,-74.179986,2,3,False,2,EV1,-1,37.0,0,1,25
E.1.0.0,26446,PB,Z374104,A601,No Disponible,2024-04-24 14:15:45.767,2024-04-24 14:15:45.977,T,4.592622,-74.180947,2,3,False,2,EV1,-1,37.0,-1,-1,-1
E.1.0.0,26458,PB,Z374104,A601,No Disponible,2024-04-24 14:17:21.287,2024-04-24 14:17:21.448,T,4.592528,-74.180600,2,3,False,2,EV1,-1,36.0,-1,-1,-1
E.1.0.0,26466,PB,Z374104,A601,No Disponible,2024-04-24 14:18:22.566,2024-04-24 14:18:22.666,T,4.591203,-74.181686,2,3,False,2,EV1,-1,36.0,1,0,1
E.1.0.0,26494,PB,Z374104,A601,No Disponible,2024-04-24 14:23:36.526,2024-04-24 14:23:36.796,T,4.587467,-74.175061,2,3,False,2,EV1,-1,36.0,0,0,1
E.1.0.0,26502,PB,Z374104,A601,No Disponible,2024-04-24 14:24:34.416,2024-04-24 14:24:34.476,T,4.587822,-74.172694,2,3,False,2,EV1,-1,35.0,1,0,2
E.1.0.0,26517,PB,Z374104,A601,No Disponible,2024-04-24 14:27:03.746,2024-04-24 14:27:03.926,T,4.587008,-74.167739,2,3,False,2,EV1,-1,35.0,2,0,4
E.1.0.0,26530,PB,Z374104,A601,No Disponible,2024-04-24 14:29:15.146,2024-04-24 14:29:15.306,T,4.589800,-74.167322,2,3,False,2,EV1,-1,35.0,0,0,4
E.1.0.0,26539,PB,Z374104,A601,No Disponible,2024-04-24 14:30:38.026,2024-04-24 14:30:38.186,T,4.594878,-74.167272,2,3,False,2,EV1,-1,35.0,0,1,3
E.1.0.0,26552,PB,Z374104,A601,No Disponible,2024-04-24 14:32:54.506,2024-04-24 14:32:54.896,T,4.597939,-74.162108,2,3,False,2,EV1,-1,34.0,0,1,2
E.1.0.0,26568,PB,Z374104,A601,No Disponible,2024-04-24 14:35:08.676,2024-04-24 14:35:08.836,T,4.599683,-74.160644,2,3,False,2,EV1,-1,35.0,1,0,3
E.1.0.0,26595,PB,Z374104,A601,No Disponible,2024-04-24 14:40:30.846,2024-04-24 14:40:30.986,T,4.598097,-74.154097,2,3,False,2,EV1,-1,35.0,2,1,4
E.1.0.0,26620,PB,Z374104,A601,No Disponible,2024-04-24 14:44:46.206,2024-04-24 14:44:46.216,T,4.595175,-74.148919,2,3,False,2,EV1,-1,35.0,1,1,4
E.1.0.0,26630,PB,Z374104,A601,No Disponible,2024-04-24 14:46:14.206,2024-04-24 14:46:14.466,T,4.595458,-74.142411,2,3,False,2,EV1,-1,34.0,2,0,6
E.1.0.0,26675,PB,Z374104,A601,No Disponible,2024-04-24 14:55:40.046,2024-04-24 14:55:40.673,T,4.588386,-74.115911,2,3,False,2,EV1,-1,33.0,2,0,8
E.1.0.0,26687,PB,Z374104,A601,No Disponible,2024-04-24 14:57:31.306,2024-04-24 14:57:31.606,T,4.588658,-74.112394,2,3,False,2,EV1,-1,33.0,2,0,10
E.1.0.0,26709,PB,Z374104,A601,No Disponible,2024-04-24 15:01:21.310,2024-04-24 15:01:21.460,T,4.592694,-74.105372,2,3,False,2,EV1,-1,32.0,2,0,12
E.1.0.0,26724,PB,Z374104,A601,No Disponible,2024-04-24 15:04:04.726,2024-04-24 15:04:04.736,T,4.594636,-74.098150,2,3,False,2,EV1,-1,32.0,0,0,12
E.1.0.0,26739,PB,Z374104,A601,No Disponible,2024-04-24 15:06:26.176,2024-04-24 15:06:26.646,T,4.593728,-74.095075,2,3,False,2,EV1,-1,32.0,1,1,12
E.1.0.0,26745,PB,Z374104,A601,No Disponible,2024-04-24 15:07:05.476,2024-04-24 15:07:05.596,T,4.593042,-74.092511,2,3,False,2,EV1,-1,32.0,0,0,12
E.1.0.0,26751,PB,Z374104,A601,No Disponible,2024-04-24 15:07:50.606,2024-04-24 15:07:50.806,T,4.592344,-74.090392,2,3,False,2,EV1,-1,31.0,1,2,11
E.1.0.0,26761,PB,Z374104,A601,No Disponible,2024-04-24 15:09:16.506,2024-04-24 15:09:16.766,T,4.590444,-74.086711,2,3,False,2,EV1,-1,31.0,0,2,9
E.1.0.0,26800,PB,Z374104,A601,No Disponible,2024-04-24 15:17:30.086,2024-04-24 15:17:30.626,T,4.598808,-74.078728,2,3,False,2,EV1,-1,32.0,1,0,10
E.1.0.0,26812,PB,Z374104,A601,No Disponible,2024-04-24 15:19:16.077,2024-04-24 15:19:16.416,T,4.601264,-74.077144,2,3,False,2,EV1,-1,32.0,0,4,6
E.1.0.0,26913,PB,Z374104,A601,No Disponible,2024-04-24 15:41:29.706,2024-04-24 15:41:29.888,T,4.642700,-74.061978,2,3,False,2,EV1,-1,30.0,0,1,5
E.1.0.0,26921,PB,Z374104,A601,No Disponible,2024-04-24 15:42:37.326,2024-04-24 15:42:37.556,T,4.646369,-74.060558,2,3,False,2,EV1,-1,30.0,0,0,5
E.1.0.0,26960,PB,Z374104,A601,No Disponible,2024-04-24 15:50:07.291,2024-04-24 15:50:07.690,T,4.651536,-74.059403,2,3,False,2,EV1,-1,30.0,0,1,4
E.1.0.0,27025,PB,Z374104,H601,No Disponible,2024-04-24 16:02:05.406,2024-04-24 16:02:05.626,T,4.651294,-74.062128,2,3,False,2,EV1,-1,29.0,1,0,5
E.1.0.0,27040,PB,Z374104,H601,No Disponible,2024-04-24 16:04:50.474,2024-04-24 16:04:50.593,T,4.647572,-74.063881,2,3,False,2,EV1,-1,28.0,1,0,6
E.1.0.0,27084,PB,Z374104,H601,No Disponible,2024-04-24 16:13:38.366,2024-04-24 16:13:38.976,T,4.637006,-74.065619,2,3,False,2,EV1,-1,28.0,3,0,9
E.1.0.0,27101,PB,Z374104,H601,No Disponible,2024-04-24 16:16:33.196,2024-04-24 16:16:33.286,T,4.633594,-74.066172,2,3,False,2,EV1,-1,28.0,2,0,11
E.1.0.0,27116,PB,Z374104,H601,No Disponible,2024-04-24 16:19:15.326,2024-04-24 16:19:15.546,T,4.628378,-74.067083,2,3,False,2,EV1,-1,28.0,0,0,11
E.1.0.0,27126,PB,Z374104,H601,No Disponible,2024-04-24 16:20:58.536,2024-04-24 16:20:58.876,T,4.627769,-74.067178,2,3,False,2,EV1,-1,28.0,1,0,12
E.1.0.0,27146,PB,Z374104,H601,No Disponible,2024-04-24 16:24:02.336,2024-04-24 16:24:02.774,T,4.618558,-74.068761,2,3,False,2,EV1,-1,28.0,1,0,13
E.1.0.0,27159,PB,Z374104,H601,No Disponible,2024-04-24 16:26:23.216,2024-04-24 16:26:23.326,T,4.614967,-74.070542,2,3,False,2,EV1,-1,28.0,1,0,14
E.1.0.0,27179,PB,Z374104,H601,No Disponible,2024-04-24 16:30:18.084,2024-04-24 16:30:18.494,T,4.607861,-74.073428,2,3,False,2,EV1,-1,28.0,2,1,15
E.1.0.0,27188,PB,Z374104,H601,No Disponible,2024-04-24 16:31:26.474,2024-04-24 16:31:26.524,T,4.605603,-74.074758,2,3,False,2,EV1,-1,28.0,1,0,16
E.1.0.0,27231,PB,Z374104,H601,No Disponible,2024-04-24 16:39:59.200,2024-04-24 16:40:10.200,T,4.601658,-74.077139,2,3,True,2,EV1,-1,28.0,0,0,16
E.1.0.0,27247,PB,Z374104,H601,No Disponible,2024-04-24 16:42:29.586,2024-04-24 16:42:29.666,T,4.596058,-74.080642,2,3,False,2,EV1,-1,28.0,0,0,16
E.1.0.0,27267,PB,Z374104,H601,No Disponible,2024-04-24 16:46:15.536,2024-04-24 16:46:15.706,T,4.589967,-74.085769,2,3,False,2,EV1,-1,28.0,2,0,18
E.1.0.0,27280,PB,Z374104,H601,No Disponible,2024-04-24 16:48:24.606,2024-04-24 16:48:24.786,T,4.592886,-74.091633,2,3,False,2,EV1,-1,28.0,2,0,20
E.1.0.0,27309,PB,Z374104,H601,No Disponible,2024-04-24 16:54:21.346,2024-04-24 16:54:22.286,T,4.593100,-74.105144,2,3,False,2,EV1,-1,28.0,1,2,19
E.1.0.0,27317,PB,Z374104,H601,No Disponible,2024-04-24 16:55:36.496,2024-04-24 16:55:36.656,T,4.591133,-74.107200,2,3,False,2,EV1,-1,28.0,0,1,18
E.1.0.0,27330,PB,Z374104,H601,No Disponible,2024-04-24 16:57:33.456,2024-04-24 16:57:34.086,T,4.589867,-74.108525,2,3,False,2,EV1,-1,28.0,0,1,17
E.1.0.0,27351,PB,Z374104,H601,No Disponible,2024-04-24 17:01:23.336,2024-04-24 17:01:23.376,T,4.588808,-74.117703,2,3,False,2,EV1,-1,28.0,0,1,16
E.1.0.0,27377,PB,Z374104,H601,No Disponible,2024-04-24 17:06:49.266,2024-04-24 17:06:49.666,T,4.594547,-74.134794,2,3,False,2,EV1,-1,27.0,4,3,17
E.1.0.0,27388,PB,Z374104,H601,No Disponible,2024-04-24 17:08:24.546,2024-04-24 17:08:24.676,T,4.595761,-74.141442,2,3,False,2,EV1,-1,27.0,0,0,17
E.1.0.0,27392,PB,Z374104,H601,No Disponible,2024-04-24 17:08:47.796,2024-04-24 17:08:47.846,T,4.595761,-74.141758,2,3,False,2,EV1,-1,27.0,1,0,18
E.1.0.0,27420,PB,Z374104,H601,No Disponible,2024-04-24 17:14:26.075,2024-04-24 17:14:26.485,T,4.596419,-74.153383,2,3,False,2,EV1,-1,27.0,0,1,17
E.1.0.0,27469,PB,Z374104,H601,No Disponible,2024-04-24 17:24:23.689,2024-04-24 17:24:23.879,T,4.594417,-74.161892,2,3,False,2,EV1,-1,27.0,1,0,18
E.1.0.0,27487,PB,Z374104,H601,No Disponible,2024-04-24 17:27:55.666,2024-04-24 17:27:56.376,T,4.589156,-74.162661,2,3,False,2,EV1,-1,27.0,2,1,19
E.1.0.0,27506,PB,Z374104,H601,No Disponible,2024-04-24 17:31:10.586,2024-04-24 17:31:13.346,T,4.588153,-74.165864,2,3,False,2,EV1,-1,27.0,0,2,17
E.1.0.0,27524,PB,Z374104,H601,No Disponible,2024-04-24 17:34:00.756,2024-04-24 17:34:02.036,T,4.587478,-74.168006,2,3,False,2,EV1,-1,27.0,0,1,16
E.1.0.0,27533,PB,Z374104,H601,No Disponible,2024-04-24 17:35:12.736,2024-04-24 17:35:13.137,T,4.587217,-74.170778,2,3,False,2,EV1,-1,27.0,0,2,14
E.1.0.0,27538,PB,Z374104,H601,No Disponible,2024-04-24 17:35:57.836,2024-04-24 17:35:58.696,T,4.588117,-74.172569,2,3,False,2,EV1,-1,27.0,0,0,14
E.1.0.0,27546,PB,Z374104,H601,No Disponible,2024-04-24 17:36:51.148,2024-04-24 17:36:51.418,T,4.590628,-74.172789,2,3,False,2,EV1,-1,27.0,0,2,12
E.1.0.0,27741,PB,Z374104,No Disponible,No Disponible,2024-04-24 19:12:53.251,2024-04-24 19:12:53.501,T,4.592633,-74.181339,2,3,False,2,EV1,-1,22.0,-1,-1,-1
